# Configuracion:
# Concentracion g/m^3_=_8100.0
# C_Vs_to_Am_M_A/Vsm_=_254322799225.57578
# pendiente_HvsI_1/m_=_3716.3
# ordenada_HvsI_A/m_=_1297.0
# frecuencia_ref_Hz_=_264062.3278099239
# 
Resultados:
# tau_s_=_(2.23+/-0.11)e-08
# dphi_rad_=_6.32+/-0.00
# SAR_W/g_=_110.26+/-4.92
# Hc_kA/m_=_3.56+/-0.06
# Mr_A/m_=_54.29+/-0.85
# Suceptibilidad_a_M=0_=_0.0169+/-0.0004

Nombre_archivo	Time_m	Temperatura_(ºC)	Mr_(A/m)	Hc_(kA/m)	Campo_max_(A/m)	Mag_max_(A/m)	f0	mag0	dphi0	SAR_(W/g)	Tau_(s)	N	xi_M_0
265kHz_150dA_100Mss_Ni0cRC005.txt	23/05/2024 15:56:24	19.8	53.84	3.68	57041.50	337.34	2.640845e+05	5.836195e+00	6.322593e+00	113.88	2.376321e-08	4544	1.632e-02
265kHz_150dA_100Mss_Ni0cRC006.txt	23/05/2024 15:56:26	19.8	52.87	3.60	57041.50	336.91	2.640264e+05	5.865519e+00	6.321105e+00	110.11	2.286557e-08	4545	1.636e-02
265kHz_150dA_100Mss_Ni0cRC007.txt	23/05/2024 15:56:27	19.9	52.85	3.59	57041.50	335.74	2.640264e+05	5.846591e+00	6.320529e+00	108.09	2.251795e-08	4545	1.655e-02
265kHz_150dA_100Mss_Ni0cRC008.txt	23/05/2024 15:56:28	19.9	53.58	3.60	57041.50	336.35	2.640845e+05	5.900856e+00	6.321171e+00	110.99	2.290539e-08	4544	1.621e-02
265kHz_150dA_100Mss_Ni0cRC009.txt	23/05/2024 15:56:29	19.9	53.43	3.56	57041.50	340.81	2.640845e+05	5.959885e+00	6.319469e+00	107.08	2.187845e-08	4544	1.642e-02
265kHz_150dA_100Mss_Ni0cRC010.txt	23/05/2024 15:56:30	19.9	54.35	3.59	57041.50	343.77	2.640264e+05	5.978656e+00	6.321569e+00	113.61	2.314575e-08	4545	1.648e-02
265kHz_150dA_100Mss_Ni0cRC011.txt	23/05/2024 15:56:31	19.8	54.07	3.61	57041.50	341.12	2.640845e+05	5.987349e+00	6.320239e+00	109.86	2.234329e-08	4544	1.641e-02
265kHz_150dA_100Mss_Ni0cRC012.txt	23/05/2024 15:56:32	19.8	54.84	3.66	57041.50	337.72	2.640845e+05	5.937264e+00	6.322195e+00	114.69	2.352375e-08	4544	1.706e-02
265kHz_150dA_100Mss_Ni0cRC013.txt	23/05/2024 15:56:33	19.8	55.02	3.60	57041.50	347.82	2.640264e+05	6.060584e+00	6.321552e+00	115.11	2.313581e-08	4545	1.724e-02
265kHz_150dA_100Mss_Ni0cRC014.txt	23/05/2024 15:56:34	19.9	54.82	3.57	57041.50	348.66	2.640264e+05	6.089417e+00	6.320699e+00	113.09	2.262057e-08	4545	1.684e-02
265kHz_150dA_100Mss_Ni0cRC015.txt	23/05/2024 15:56:35	19.9	52.96	3.46	57041.50	346.23	2.640845e+05	6.069920e+00	6.319550e+00	109.30	2.192740e-08	4544	1.697e-02
265kHz_150dA_100Mss_Ni0cRC016.txt	23/05/2024 15:56:36	19.8	53.78	3.47	57041.50	351.78	2.640264e+05	6.099067e+00	6.317682e+00	104.16	2.079990e-08	4545	1.695e-02
265kHz_150dA_100Mss_Ni0cRC017.txt	23/05/2024 15:56:38	19.9	54.80	3.53	57041.50	358.03	2.640264e+05	6.186740e+00	6.320388e+00	113.95	2.243328e-08	4545	1.744e-02
265kHz_150dA_100Mss_Ni0cRC018.txt	23/05/2024 15:56:39	19.8	53.96	3.47	57041.50	349.34	2.640264e+05	6.048115e+00	6.317936e+00	104.06	2.095334e-08	4545	1.694e-02
265kHz_150dA_100Mss_Ni0cRC019.txt	23/05/2024 15:56:41	19.8	55.60	3.61	57041.50	345.14	2.640845e+05	6.030264e+00	6.320024e+00	110.00	2.221331e-08	4544	1.689e-02
265kHz_150dA_100Mss_Ni0cRC020.txt	23/05/2024 15:56:42	19.8	53.51	3.48	57041.50	345.62	2.640845e+05	6.037777e+00	6.315938e+00	97.93	1.974757e-08	4544	1.701e-02
265kHz_150dA_100Mss_Ni0cRC021.txt	23/05/2024 15:56:43	19.8	53.59	3.46	57041.50	345.66	2.640845e+05	6.066710e+00	6.317805e+00	104.00	2.087416e-08	4544	1.720e-02
265kHz_150dA_100Mss_Ni0cRC022.txt	23/05/2024 15:56:44	19.9	54.70	3.55	57041.50	349.73	2.640264e+05	6.076167e+00	6.320363e+00	111.84	2.241792e-08	4545	1.692e-02
265kHz_150dA_100Mss_Ni0cRC023.txt	23/05/2024 15:56:46	19.8	56.10	3.64	57041.50	346.43	2.640845e+05	6.032502e+00	6.323970e+00	121.82	2.459478e-08	4544	1.733e-02
265kHz_150dA_100Mss_Ni0cRC024.txt	23/05/2024 15:56:47	19.8	54.09	3.46	57041.50	351.16	2.640264e+05	6.073661e+00	6.317923e+00	104.46	2.094544e-08	4545	1.703e-02
265kHz_150dA_100Mss_Ni0cRC025.txt	23/05/2024 15:56:48	19.8	54.61	3.51	57041.50	353.05	2.640264e+05	6.134188e+00	6.319336e+00	109.79	2.179851e-08	4545	1.703e-02
265kHz_150dA_100Mss_Ni0cRC026.txt	23/05/2024 15:56:49	19.8	55.25	3.55	57041.50	351.65	2.640264e+05	6.125576e+00	6.320919e+00	114.43	2.275374e-08	4545	1.703e-02
265kHz_150dA_100Mss_Ni0cRC027.txt	23/05/2024 15:56:50	19.8	54.43	3.53	57041.50	348.35	2.640264e+05	6.044200e+00	6.319191e+00	107.74	2.171109e-08	4545	1.693e-02
265kHz_150dA_100Mss_Ni0cRC028.txt	23/05/2024 15:56:51	19.8	54.58	3.55	57041.50	345.54	2.640264e+05	6.010757e+00	6.320098e+00	109.84	2.225820e-08	4545	1.742e-02
265kHz_150dA_100Mss_Ni0cRC029.txt	23/05/2024 15:56:52	19.8	55.59	3.59	57041.50	346.64	2.640264e+05	6.048311e+00	6.322107e+00	116.54	2.347099e-08	4545	1.742e-02
