# Configuracion:
# Concentracion g/m^3_=_8100.0
# C_Vs_to_Am_M_A/Vsm_=_254322799225.57578
# pendiente_HvsI_1/m_=_3716.3
# ordenada_HvsI_A/m_=_1297.0
# frecuencia_ref_Hz_=_264058.6334571966
# 
Resultados:
# tau_s_=_(1.96+/-0.06)e-08
# dphi_rad_=_6.32+/-0.00
# SAR_W/g_=_281.43+/-6.05
# Hc_kA/m_=_3.37+/-0.05
# Mr_A/m_=_155.92+/-0.85
# Suceptibilidad_a_M=0_=_0.0513+/-0.0010

Nombre_archivo	Time_m	Temperatura_(ºC)	Mr_(A/m)	Hc_(kA/m)	Campo_max_(A/m)	Mag_max_(A/m)	f0	mag0	dphi0	SAR_(W/g)	Tau_(s)	N	xi_M_0
265kHz_150dA_100Mss_Ni0cRC004.txt	23/05/2024 15:48:17	18.9	152.84	3.44	57041.50	969.82	2.640264e+05	1.709726e+01	6.316871e+00	285.14	2.031170e-08	4545	4.876e-02
265kHz_150dA_100Mss_Ni0cRC005.txt	23/05/2024 15:48:18	19.0	154.07	3.40	57041.50	978.78	2.640264e+05	1.729959e+01	6.316018e+00	281.21	1.979671e-08	4545	4.991e-02
265kHz_150dA_100Mss_Ni0cRC006.txt	23/05/2024 15:48:19	19.0	155.80	3.45	57041.50	985.37	2.640264e+05	1.733475e+01	6.316951e+00	289.79	2.035980e-08	4545	5.010e-02
265kHz_150dA_100Mss_Ni0cRC007.txt	23/05/2024 15:48:20	19.1	154.71	3.38	57041.50	994.35	2.640264e+05	1.742092e+01	6.315348e+00	277.41	1.939249e-08	4545	5.083e-02
265kHz_150dA_100Mss_Ni0cRC008.txt	23/05/2024 15:48:21	19.1	156.27	3.42	57041.50	984.39	2.640264e+05	1.739323e+01	6.316791e+00	289.38	2.026312e-08	4545	5.055e-02
265kHz_150dA_100Mss_Ni0cRC009.txt	23/05/2024 15:48:22	19.1	156.22	3.40	57041.50	988.49	2.640264e+05	1.745754e+01	6.316332e+00	286.49	1.998656e-08	4545	5.072e-02
265kHz_150dA_100Mss_Ni0cRC010.txt	23/05/2024 15:48:23	19.1	156.72	3.41	57041.50	989.98	2.640264e+05	1.749369e+01	6.316967e+00	292.58	2.036947e-08	4545	5.089e-02
265kHz_150dA_100Mss_Ni0cRC011.txt	23/05/2024 15:48:24	19.1	155.92	3.39	57041.50	987.86	2.640264e+05	1.748569e+01	6.316120e+00	285.12	1.985871e-08	4545	5.068e-02
265kHz_150dA_100Mss_Ni0cRC012.txt	23/05/2024 15:48:26	19.2	156.38	3.41	57041.50	981.85	2.640264e+05	1.741269e+01	6.316526e+00	287.43	2.010351e-08	4545	5.069e-02
265kHz_150dA_100Mss_Ni0cRC013.txt	23/05/2024 15:48:27	19.2	155.99	3.38	57041.50	992.14	2.640264e+05	1.748558e+01	6.315880e+00	283.04	1.971333e-08	4545	5.119e-02
265kHz_150dA_100Mss_Ni0cRC014.txt	23/05/2024 15:48:28	19.2	156.99	3.41	57041.50	981.24	2.640264e+05	1.738783e+01	6.317005e+00	291.14	2.039256e-08	4545	5.123e-02
265kHz_150dA_100Mss_Ni0cRC015.txt	23/05/2024 15:48:29	19.2	156.32	3.39	57041.50	991.90	2.640264e+05	1.747413e+01	6.315968e+00	283.61	1.976640e-08	4545	5.134e-02
265kHz_150dA_100Mss_Ni0cRC016.txt	23/05/2024 15:48:30	19.3	156.30	3.39	57041.50	989.40	2.640264e+05	1.746165e+01	6.315899e+00	282.81	1.972490e-08	4545	5.127e-02
265kHz_150dA_100Mss_Ni0cRC017.txt	23/05/2024 15:48:31	19.2	156.17	3.40	57041.50	985.29	2.640264e+05	1.743754e+01	6.315908e+00	282.51	1.973059e-08	4545	5.072e-02
265kHz_150dA_100Mss_Ni0cRC018.txt	23/05/2024 15:48:32	19.3	156.18	3.38	57041.50	991.78	2.640264e+05	1.748692e+01	6.315590e+00	280.55	1.953839e-08	4545	5.143e-02
265kHz_150dA_100Mss_Ni0cRC019.txt	23/05/2024 15:48:34	19.3	157.00	3.40	57041.50	992.87	2.640264e+05	1.755780e+01	6.316063e+00	285.80	1.982432e-08	4545	5.100e-02
265kHz_150dA_100Mss_Ni0cRC020.txt	23/05/2024 15:48:35	19.3	155.94	3.36	57041.50	997.96	2.640264e+05	1.761878e+01	6.315052e+00	277.97	1.921386e-08	4545	5.182e-02
265kHz_150dA_100Mss_Ni0cRC021.txt	23/05/2024 15:48:36	19.3	156.14	3.33	57041.50	998.38	2.640264e+05	1.764719e+01	6.315163e+00	279.39	1.928077e-08	4545	5.229e-02
265kHz_150dA_100Mss_Ni0cRC022.txt	23/05/2024 15:48:38	19.3	155.54	3.32	57041.50	999.24	2.640264e+05	1.763275e+01	6.314316e+00	271.77	1.876998e-08	4545	5.249e-02
265kHz_150dA_100Mss_Ni0cRC023.txt	23/05/2024 15:48:39	19.3	155.69	3.32	57041.50	992.42	2.640264e+05	1.758675e+01	6.314576e+00	273.33	1.892698e-08	4545	5.179e-02
265kHz_150dA_100Mss_Ni0cRC024.txt	23/05/2024 15:48:40	19.3	156.41	3.33	57041.50	996.31	2.640264e+05	1.764441e+01	6.315140e+00	279.15	1.926720e-08	4545	5.197e-02
265kHz_150dA_100Mss_Ni0cRC025.txt	23/05/2024 15:48:41	19.3	156.28	3.34	57041.50	1002.93	2.640264e+05	1.772195e+01	6.314898e+00	278.25	1.912116e-08	4545	5.229e-02
265kHz_150dA_100Mss_Ni0cRC026.txt	23/05/2024 15:48:42	19.4	155.86	3.29	57041.50	1005.49	2.640845e+05	1.772673e+01	6.314137e+00	271.71	1.866154e-08	4544	5.183e-02
265kHz_150dA_100Mss_Ni0cRC027.txt	23/05/2024 15:48:43	19.4	155.88	3.30	57041.50	1009.84	2.640264e+05	1.776898e+01	6.314126e+00	272.20	1.865502e-08	4545	5.290e-02
265kHz_150dA_100Mss_Ni0cRC028.txt	23/05/2024 15:48:44	19.4	156.30	3.32	57041.50	1003.62	2.640264e+05	1.773472e+01	6.314580e+00	275.66	1.892889e-08	4545	5.268e-02
265kHz_150dA_100Mss_Ni0cRC029.txt	23/05/2024 15:48:46	19.4	156.05	3.29	57041.50	1007.10	2.640264e+05	1.779318e+01	6.314253e+00	273.69	1.873200e-08	4545	5.293e-02
