# Configuracion:
# Concentracion g/m^3_=_8100.0
# C_Vs_to_Am_M_A/Vsm_=_254322799225.57578
# pendiente_HvsI_1/m_=_3716.3
# ordenada_HvsI_A/m_=_1297.0
# frecuencia_ref_Hz_=_263755.39991749416
# 
Resultados:
# tau_s_=_(4.50+/-0.09)e-08
# dphi_rad_=_6.36+/-0.00
# SAR_W/g_=_402.29+/-7.57
# Hc_kA/m_=_4.03+/-0.04
# Mr_A/m_=_190.19+/-3.20
# Suceptibilidad_a_M=0_=_0.0521+/-0.0012

Nombre_archivo	Time_m	Temperatura_(ºC)	Mr_(A/m)	Hc_(kA/m)	Campo_max_(A/m)	Mag_max_(A/m)	f0	mag0	dphi0	SAR_(W/g)	Tau_(s)	N	xi_M_0
265kHz_100dA_100Mss_Ni0cRC005.txt	23/05/2024 15:35:22	19.4	182.20	4.03	38460.00	922.67	2.637363e+05	1.570733e+01	6.357761e+00	390.31	4.508661e-08	4550	4.974e-02
265kHz_100dA_100Mss_Ni0cRC006.txt	23/05/2024 15:35:24	19.5	184.40	4.06	38460.00	930.72	2.637363e+05	1.584763e+01	6.357972e+00	394.91	4.521421e-08	4550	4.976e-02
265kHz_100dA_100Mss_Ni0cRC007.txt	23/05/2024 15:35:25	19.5	185.69	4.04	38460.00	929.28	2.637363e+05	1.591689e+01	6.357775e+00	395.59	4.509433e-08	4550	5.052e-02
265kHz_100dA_100Mss_Ni0cRC008.txt	23/05/2024 15:35:26	19.6	188.19	4.05	38460.00	928.18	2.637363e+05	1.598944e+01	6.359416e+00	406.12	4.609075e-08	4550	5.086e-02
265kHz_100dA_100Mss_Ni0cRC009.txt	23/05/2024 15:35:27	19.6	190.34	4.09	38460.00	935.28	2.637363e+05	1.607712e+01	6.359167e+00	407.01	4.593968e-08	4550	5.113e-02
265kHz_100dA_100Mss_Ni0cRC010.txt	23/05/2024 15:35:28	19.6	191.38	4.11	38460.00	933.60	2.637363e+05	1.604901e+01	6.360444e+00	413.12	4.671430e-08	4550	5.211e-02
265kHz_100dA_100Mss_Ni0cRC011.txt	23/05/2024 15:35:29	19.6	189.84	4.07	38460.00	936.54	2.637363e+05	1.609461e+01	6.359010e+00	406.62	4.584404e-08	4550	5.127e-02
265kHz_100dA_100Mss_Ni0cRC012.txt	23/05/2024 15:35:30	19.6	191.21	4.08	38460.00	943.34	2.637363e+05	1.618634e+01	6.359119e+00	409.52	4.591021e-08	4550	5.152e-02
265kHz_100dA_100Mss_Ni0cRC013.txt	23/05/2024 15:35:31	19.6	187.55	4.01	38460.00	942.71	2.637363e+05	1.615267e+01	6.357029e+00	397.44	4.464222e-08	4550	5.144e-02
265kHz_100dA_100Mss_Ni0cRC014.txt	23/05/2024 15:35:32	19.7	190.49	4.06	38460.00	940.85	2.637363e+05	1.619080e+01	6.357438e+00	400.58	4.489027e-08	4550	5.146e-02
265kHz_100dA_100Mss_Ni0cRC015.txt	23/05/2024 15:35:33	19.7	189.57	4.01	38460.00	944.43	2.637363e+05	1.624850e+01	6.357335e+00	401.45	4.482787e-08	4550	5.208e-02
265kHz_100dA_100Mss_Ni0cRC016.txt	23/05/2024 15:35:34	19.7	189.81	4.03	38460.00	944.77	2.637363e+05	1.623550e+01	6.356984e+00	399.23	4.461420e-08	4550	5.175e-02
265kHz_100dA_100Mss_Ni0cRC017.txt	23/05/2024 15:35:35	19.7	188.25	4.00	38460.00	947.10	2.637942e+05	1.621707e+01	6.357064e+00	399.30	4.466300e-08	4549	5.139e-02
265kHz_100dA_100Mss_Ni0cRC018.txt	23/05/2024 15:35:37	19.8	189.42	3.98	38460.00	965.49	2.637363e+05	1.634183e+01	6.356493e+00	399.18	4.431675e-08	4550	5.297e-02
265kHz_100dA_100Mss_Ni0cRC019.txt	23/05/2024 15:35:39	19.8	190.73	4.00	38460.00	948.46	2.637363e+05	1.636304e+01	6.355957e+00	396.78	4.399138e-08	4550	5.255e-02
265kHz_100dA_100Mss_Ni0cRC020.txt	23/05/2024 15:35:40	19.8	191.52	4.02	38460.00	950.84	2.637942e+05	1.634500e+01	6.357093e+00	402.61	4.468039e-08	4549	5.213e-02
265kHz_100dA_100Mss_Ni0cRC021.txt	23/05/2024 15:35:41	19.8	190.66	3.98	38460.00	954.44	2.637363e+05	1.638796e+01	6.355512e+00	394.96	4.372185e-08	4550	5.290e-02
265kHz_100dA_100Mss_Ni0cRC022.txt	23/05/2024 15:35:42	19.8	190.35	3.97	38460.00	957.78	2.637363e+05	1.644384e+01	6.355277e+00	395.02	4.357890e-08	4550	5.267e-02
265kHz_100dA_100Mss_Ni0cRC023.txt	23/05/2024 15:35:43	19.8	188.76	3.94	38460.00	958.14	2.637363e+05	1.642639e+01	6.354704e+00	391.47	4.323129e-08	4550	5.279e-02
265kHz_100dA_100Mss_Ni0cRC024.txt	23/05/2024 15:35:44	19.8	191.40	4.02	38460.00	951.60	2.637942e+05	1.636306e+01	6.356942e+00	402.23	4.458864e-08	4549	5.234e-02
265kHz_100dA_100Mss_Ni0cRC025.txt	23/05/2024 15:35:45	19.8	193.65	4.03	38460.00	957.41	2.637942e+05	1.641234e+01	6.357950e+00	408.94	4.519993e-08	4549	5.361e-02
265kHz_100dA_100Mss_Ni0cRC026.txt	23/05/2024 15:35:46	19.8	196.64	4.09	38460.00	956.04	2.637363e+05	1.641838e+01	6.358860e+00	413.97	4.575245e-08	4550	5.461e-02
265kHz_100dA_100Mss_Ni0cRC027.txt	23/05/2024 15:35:47	19.8	194.18	4.04	38460.00	955.31	2.637942e+05	1.637912e+01	6.359215e+00	415.01	4.596769e-08	4549	5.370e-02
265kHz_100dA_100Mss_Ni0cRC028.txt	23/05/2024 15:35:48	19.9	197.52	4.08	38460.00	961.57	2.637363e+05	1.647719e+01	6.359760e+00	420.39	4.629880e-08	4550	5.335e-02
265kHz_100dA_100Mss_Ni0cRC029.txt	23/05/2024 15:35:49	19.8	190.39	3.96	38460.00	961.93	2.637363e+05	1.646218e+01	6.356471e+00	402.00	4.430302e-08	4550	5.326e-02
265kHz_100dA_100Mss_Ni0cRC030.txt	23/05/2024 15:35:51	19.8	190.74	3.97	38460.00	955.58	2.637363e+05	1.643679e+01	6.355427e+00	395.67	4.366924e-08	4550	5.306e-02
