# Temperatura_=_17.812
# Concentracion g/m^3_=_8100.0
# C_Vs_to_Am_M_A/Vsm_=_254322799225.57578
# pendiente_HvsI_1/m_=_3716.3
# ordenada_HvsI_A/m_=_1297.0
# frecuencia_Hz_=_135564.32084190848
# Promedio de 25 ciclos

Tiempo_(s)	Campo_(V.s)	Magnetizacion_(V.s)	Campo_(kA/m)	Magnetizacion_(A/m)
0.000000e+00	-1.077654e-08	-3.534558e-09	-5.701230e+01	-1.039566e+03
1.000000e-08	-1.077644e-08	-3.534371e-09	-5.701165e+01	-1.039502e+03
2.000000e-08	-1.077567e-08	-3.534019e-09	-5.700731e+01	-1.039412e+03
3.000000e-08	-1.077395e-08	-3.533859e-09	-5.699788e+01	-1.039391e+03
4.000000e-08	-1.077122e-08	-3.534370e-09	-5.698314e+01	-1.039553e+03
5.000000e-08	-1.076769e-08	-3.535040e-09	-5.696429e+01	-1.039725e+03
6.000000e-08	-1.076361e-08	-3.535552e-09	-5.694256e+01	-1.039870e+03
7.000000e-08	-1.075895e-08	-3.536914e-09	-5.691774e+01	-1.040275e+03
8.000000e-08	-1.075356e-08	-3.538268e-09	-5.688903e+01	-1.040561e+03
9.000000e-08	-1.074731e-08	-3.534482e-09	-5.685575e+01	-1.039307e+03
1.000000e-07	-1.074001e-08	-3.527499e-09	-5.681679e+01	-1.037622e+03
1.100000e-07	-1.073138e-08	-3.528903e-09	-5.677071e+01	-1.038645e+03
1.200000e-07	-1.072139e-08	-3.541103e-09	-5.671748e+01	-1.041944e+03
1.300000e-07	-1.071062e-08	-3.547798e-09	-5.666037e+01	-1.042703e+03
1.400000e-07	-1.069960e-08	-3.531100e-09	-5.660191e+01	-1.037389e+03
1.500000e-07	-1.068798e-08	-3.517951e-09	-5.654020e+01	-1.035284e+03
1.600000e-07	-1.067536e-08	-3.540169e-09	-5.647315e+01	-1.042671e+03
1.700000e-07	-1.066197e-08	-3.551588e-09	-5.640221e+01	-1.043384e+03
1.800000e-07	-1.064796e-08	-3.526981e-09	-5.632790e+01	-1.035369e+03
1.900000e-07	-1.063288e-08	-3.524892e-09	-5.624783e+01	-1.037795e+03
2.000000e-07	-1.061668e-08	-3.547156e-09	-5.616186e+01	-1.044374e+03
2.100000e-07	-1.059985e-08	-3.531362e-09	-5.607277e+01	-1.037317e+03
2.200000e-07	-1.058247e-08	-3.506567e-09	-5.598067e+01	-1.031581e+03
2.300000e-07	-1.056421e-08	-3.532073e-09	-5.588383e+01	-1.040830e+03
2.400000e-07	-1.054524e-08	-3.550712e-09	-5.578332e+01	-1.043393e+03
2.500000e-07	-1.052577e-08	-3.530084e-09	-5.568018e+01	-1.036288e+03
2.600000e-07	-1.050562e-08	-3.538849e-09	-5.557336e+01	-1.041587e+03
2.700000e-07	-1.048474e-08	-3.562803e-09	-5.546264e+01	-1.047790e+03
2.800000e-07	-1.046319e-08	-3.538096e-09	-5.534849e+01	-1.038742e+03
2.900000e-07	-1.044083e-08	-3.516245e-09	-5.522998e+01	-1.035191e+03
3.000000e-07	-1.041764e-08	-3.534914e-09	-5.510711e+01	-1.041782e+03
3.100000e-07	-1.039389e-08	-3.526562e-09	-5.498133e+01	-1.036714e+03
3.200000e-07	-1.036956e-08	-3.500605e-09	-5.485253e+01	-1.030081e+03
3.300000e-07	-1.034439e-08	-3.520954e-09	-5.471913e+01	-1.037800e+03
3.400000e-07	-1.031829e-08	-3.539718e-09	-5.458078e+01	-1.040386e+03
3.500000e-07	-1.029136e-08	-3.521637e-09	-5.443805e+01	-1.034048e+03
3.600000e-07	-1.026369e-08	-3.533056e-09	-5.429142e+01	-1.039677e+03
3.700000e-07	-1.023538e-08	-3.560691e-09	-5.414149e+01	-1.046389e+03
3.800000e-07	-1.020642e-08	-3.542624e-09	-5.398813e+01	-1.039734e+03
3.900000e-07	-1.017672e-08	-3.531391e-09	-5.383080e+01	-1.039040e+03
4.000000e-07	-1.014627e-08	-3.550676e-09	-5.366955e+01	-1.044454e+03
4.100000e-07	-1.011515e-08	-3.540281e-09	-5.350466e+01	-1.039788e+03
4.200000e-07	-1.008338e-08	-3.526600e-09	-5.333644e+01	-1.037703e+03
4.300000e-07	-1.005100e-08	-3.541750e-09	-5.316499e+01	-1.042092e+03
4.400000e-07	-1.001787e-08	-3.538376e-09	-5.298952e+01	-1.039366e+03
4.500000e-07	-9.983796e-09	-3.521722e-09	-5.280897e+01	-1.035931e+03
4.600000e-07	-9.948781e-09	-3.527791e-09	-5.262341e+01	-1.038256e+03
4.700000e-07	-9.913003e-09	-3.533554e-09	-5.243397e+01	-1.038591e+03
4.800000e-07	-9.876651e-09	-3.523641e-09	-5.224160e+01	-1.036331e+03
4.900000e-07	-9.839740e-09	-3.520031e-09	-5.204620e+01	-1.035656e+03
5.000000e-07	-9.802147e-09	-3.524628e-09	-5.184713e+01	-1.036096e+03
5.100000e-07	-9.763811e-09	-3.523415e-09	-5.164412e+01	-1.036185e+03
5.200000e-07	-9.724784e-09	-3.518925e-09	-5.143746e+01	-1.035185e+03
5.300000e-07	-9.685154e-09	-3.517332e-09	-5.122764e+01	-1.034067e+03
5.400000e-07	-9.644923e-09	-3.514145e-09	-5.101469e+01	-1.033520e+03
5.500000e-07	-9.603964e-09	-3.510872e-09	-5.079786e+01	-1.032968e+03
5.600000e-07	-9.562113e-09	-3.513423e-09	-5.057624e+01	-1.033152e+03
5.700000e-07	-9.519295e-09	-3.513635e-09	-5.034945e+01	-1.033209e+03
5.800000e-07	-9.475661e-09	-3.506473e-09	-5.011840e+01	-1.031436e+03
5.900000e-07	-9.431422e-09	-3.503569e-09	-4.988422e+01	-1.030376e+03
6.000000e-07	-9.386633e-09	-3.504846e-09	-4.964712e+01	-1.030720e+03
6.100000e-07	-9.341256e-09	-3.501537e-09	-4.940689e+01	-1.029922e+03
6.200000e-07	-9.295226e-09	-3.498619e-09	-4.916324e+01	-1.028958e+03
6.300000e-07	-9.248546e-09	-3.497758e-09	-4.891614e+01	-1.028678e+03
6.400000e-07	-9.201245e-09	-3.493265e-09	-4.866575e+01	-1.027432e+03
6.500000e-07	-9.153292e-09	-3.490511e-09	-4.841196e+01	-1.026574e+03
6.600000e-07	-9.104601e-09	-3.490665e-09	-4.815418e+01	-1.026630e+03
6.700000e-07	-9.055038e-09	-3.486512e-09	-4.789173e+01	-1.025478e+03
6.800000e-07	-9.004509e-09	-3.481380e-09	-4.762419e+01	-1.023969e+03
6.900000e-07	-8.953066e-09	-3.480032e-09	-4.735182e+01	-1.023581e+03
7.000000e-07	-8.900861e-09	-3.478096e-09	-4.707546e+01	-1.022971e+03
7.100000e-07	-8.847995e-09	-3.474774e-09	-4.679563e+01	-1.021950e+03
7.200000e-07	-8.794464e-09	-3.471796e-09	-4.651228e+01	-1.021150e+03
7.300000e-07	-8.740337e-09	-3.467547e-09	-4.622577e+01	-1.019947e+03
7.400000e-07	-8.685706e-09	-3.463071e-09	-4.593658e+01	-1.018593e+03
7.500000e-07	-8.630560e-09	-3.461143e-09	-4.564465e+01	-1.018079e+03
7.600000e-07	-8.574881e-09	-3.459803e-09	-4.534991e+01	-1.017734e+03
7.700000e-07	-8.518620e-09	-3.456421e-09	-4.505209e+01	-1.016669e+03
7.800000e-07	-8.461705e-09	-3.452034e-09	-4.475082e+01	-1.015335e+03
7.900000e-07	-8.404069e-09	-3.448312e-09	-4.444573e+01	-1.014276e+03
8.000000e-07	-8.345734e-09	-3.445019e-09	-4.413689e+01	-1.013320e+03
8.100000e-07	-8.286696e-09	-3.441042e-09	-4.382425e+01	-1.012169e+03
8.200000e-07	-8.226944e-09	-3.436773e-09	-4.350783e+01	-1.010968e+03
8.300000e-07	-8.166595e-09	-3.432854e-09	-4.318836e+01	-1.009802e+03
8.400000e-07	-8.105728e-09	-3.429195e-09	-4.286625e+01	-1.008668e+03
8.500000e-07	-8.044344e-09	-3.425781e-09	-4.254136e+01	-1.007666e+03
8.600000e-07	-7.982437e-09	-3.421963e-09	-4.221372e+01	-1.006582e+03
8.700000e-07	-7.920050e-09	-3.416406e-09	-4.188355e+01	-1.004956e+03
8.800000e-07	-7.857202e-09	-3.410120e-09	-4.155093e+01	-1.003128e+03
8.900000e-07	-7.793862e-09	-3.405049e-09	-4.121576e+01	-1.001687e+03
9.000000e-07	-7.730016e-09	-3.401247e-09	-4.087784e+01	-1.000575e+03
9.100000e-07	-7.665583e-09	-3.397015e-09	-4.053678e+01	-9.992904e+02
9.200000e-07	-7.600509e-09	-3.391608e-09	-4.019235e+01	-9.976874e+02
9.300000e-07	-7.534831e-09	-3.385818e-09	-3.984474e+01	-9.959849e+02
9.400000e-07	-7.468550e-09	-3.380461e-09	-3.949392e+01	-9.944162e+02
9.500000e-07	-7.401665e-09	-3.375312e-09	-3.913987e+01	-9.929529e+02
9.600000e-07	-7.334186e-09	-3.369710e-09	-3.878266e+01	-9.913680e+02
9.700000e-07	-7.266155e-09	-3.363158e-09	-3.842258e+01	-9.894442e+02
9.800000e-07	-7.197670e-09	-3.356463e-09	-3.806018e+01	-9.874681e+02
9.900000e-07	-7.128778e-09	-3.350723e-09	-3.769564e+01	-9.858025e+02
1.000000e-06	-7.059434e-09	-3.345455e-09	-3.732866e+01	-9.842633e+02
1.010000e-06	-6.989594e-09	-3.339088e-09	-3.695903e+01	-9.823800e+02
1.020000e-06	-6.919281e-09	-3.331166e-09	-3.658695e+01	-9.800551e+02
1.030000e-06	-6.848551e-09	-3.322989e-09	-3.621266e+01	-9.776758e+02
1.040000e-06	-6.777406e-09	-3.315735e-09	-3.583614e+01	-9.755664e+02
1.050000e-06	-6.705784e-09	-3.309158e-09	-3.545707e+01	-9.736512e+02
1.060000e-06	-6.633641e-09	-3.301813e-09	-3.507527e+01	-9.715057e+02
1.070000e-06	-6.560961e-09	-3.293093e-09	-3.469075e+01	-9.689425e+02
1.080000e-06	-6.487732e-09	-3.284200e-09	-3.430336e+01	-9.663379e+02
1.090000e-06	-6.413963e-09	-3.276100e-09	-3.391301e+01	-9.639891e+02
1.100000e-06	-6.339610e-09	-3.268253e-09	-3.351951e+01	-9.617141e+02
1.110000e-06	-6.264642e-09	-3.259582e-09	-3.312272e+01	-9.591692e+02
1.120000e-06	-6.189116e-09	-3.249903e-09	-3.272306e+01	-9.563024e+02
1.130000e-06	-6.113102e-09	-3.240423e-09	-3.232086e+01	-9.535080e+02
1.140000e-06	-6.036655e-09	-3.231544e-09	-3.191639e+01	-9.509115e+02
1.150000e-06	-5.959790e-09	-3.222313e-09	-3.150976e+01	-9.482118e+02
1.160000e-06	-5.882509e-09	-3.211772e-09	-3.110091e+01	-9.451272e+02
1.170000e-06	-5.804812e-09	-3.200047e-09	-3.068982e+01	-9.416941e+02
1.180000e-06	-5.726676e-09	-3.188214e-09	-3.027638e+01	-9.382216e+02
1.190000e-06	-5.648059e-09	-3.177122e-09	-2.986036e+01	-9.349741e+02
1.200000e-06	-5.568961e-09	-3.166201e-09	-2.944179e+01	-9.317872e+02
1.210000e-06	-5.489343e-09	-3.154376e-09	-2.902054e+01	-9.283176e+02
1.220000e-06	-5.409209e-09	-3.141691e-09	-2.859655e+01	-9.245758e+02
1.230000e-06	-5.328616e-09	-3.128938e-09	-2.817006e+01	-9.208355e+02
1.240000e-06	-5.247592e-09	-3.115709e-09	-2.774129e+01	-9.169719e+02
1.250000e-06	-5.166172e-09	-3.101822e-09	-2.731052e+01	-9.129198e+02
1.260000e-06	-5.084402e-09	-3.087677e-09	-2.687794e+01	-9.087721e+02
1.270000e-06	-5.002333e-09	-3.072557e-09	-2.644376e+01	-9.042857e+02
1.280000e-06	-4.919990e-09	-3.056795e-09	-2.600810e+01	-8.996255e+02
1.290000e-06	-4.837394e-09	-3.041411e-09	-2.557112e+01	-8.951280e+02
1.300000e-06	-4.754528e-09	-3.025507e-09	-2.513269e+01	-8.904741e+02
1.310000e-06	-4.671380e-09	-3.008214e-09	-2.469272e+01	-8.853970e+02
1.320000e-06	-4.587955e-09	-2.990173e-09	-2.425131e+01	-8.800991e+02
1.330000e-06	-4.504254e-09	-2.972057e-09	-2.380842e+01	-8.747677e+02
1.340000e-06	-4.420265e-09	-2.953708e-09	-2.336400e+01	-8.693633e+02
1.350000e-06	-4.335968e-09	-2.934504e-09	-2.291799e+01	-8.637234e+02
1.360000e-06	-4.251380e-09	-2.914112e-09	-2.247045e+01	-8.577265e+02
1.370000e-06	-4.166521e-09	-2.892930e-09	-2.202151e+01	-8.514788e+02
1.380000e-06	-4.081400e-09	-2.871699e-09	-2.157122e+01	-8.452275e+02
1.390000e-06	-3.996025e-09	-2.850374e-09	-2.111957e+01	-8.389539e+02
1.400000e-06	-3.910405e-09	-2.828445e-09	-2.066667e+01	-8.324927e+02
1.410000e-06	-3.824565e-09	-2.805441e-09	-2.021259e+01	-8.257077e+02
1.420000e-06	-3.738500e-09	-2.781086e-09	-1.975724e+01	-8.185114e+02
1.430000e-06	-3.652196e-09	-2.756112e-09	-1.930060e+01	-8.111295e+02
1.440000e-06	-3.565665e-09	-2.730787e-09	-1.884277e+01	-8.036661e+02
1.450000e-06	-3.478921e-09	-2.703915e-09	-1.838384e+01	-7.957770e+02
1.460000e-06	-3.391961e-09	-2.675367e-09	-1.792375e+01	-7.873803e+02
1.470000e-06	-3.304768e-09	-2.646445e-09	-1.746238e+01	-7.788326e+02
1.480000e-06	-3.217343e-09	-2.617214e-09	-1.699977e+01	-7.701897e+02
1.490000e-06	-3.129682e-09	-2.586557e-09	-1.653593e+01	-7.611356e+02
1.500000e-06	-3.041747e-09	-2.554380e-09	-1.607071e+01	-7.516524e+02
1.510000e-06	-2.953554e-09	-2.520910e-09	-1.560416e+01	-7.418116e+02
1.520000e-06	-2.865137e-09	-2.486171e-09	-1.513641e+01	-7.316062e+02
1.530000e-06	-2.776512e-09	-2.450840e-09	-1.466754e+01	-7.212142e+02
1.540000e-06	-2.687688e-09	-2.414933e-09	-1.419765e+01	-7.106339e+02
1.550000e-06	-2.598662e-09	-2.377560e-09	-1.372675e+01	-6.996066e+02
1.560000e-06	-2.509465e-09	-2.338134e-09	-1.325499e+01	-6.879600e+02
1.570000e-06	-2.420118e-09	-2.296945e-09	-1.278244e+01	-6.757969e+02
1.580000e-06	-2.330605e-09	-2.254560e-09	-1.230895e+01	-6.633012e+02
1.590000e-06	-2.240925e-09	-2.210485e-09	-1.183455e+01	-6.503261e+02
1.600000e-06	-2.151070e-09	-2.164319e-09	-1.135922e+01	-6.367455e+02
1.610000e-06	-2.061030e-09	-2.116690e-09	-1.088291e+01	-6.227245e+02
1.620000e-06	-1.970829e-09	-2.068015e-09	-1.040570e+01	-6.083785e+02
1.630000e-06	-1.880479e-09	-2.017533e-09	-9.927712e+00	-5.934850e+02
1.640000e-06	-1.789976e-09	-1.964451e-09	-9.448949e+00	-5.778122e+02
1.650000e-06	-1.699292e-09	-1.909131e-09	-8.969213e+00	-5.615014e+02
1.660000e-06	-1.608443e-09	-1.852310e-09	-8.488571e+00	-5.447739e+02
1.670000e-06	-1.517480e-09	-1.793760e-09	-8.007315e+00	-5.275316e+02
1.680000e-06	-1.426415e-09	-1.733565e-09	-7.525535e+00	-5.098177e+02
1.690000e-06	-1.335259e-09	-1.672235e-09	-7.043256e+00	-4.917888e+02
1.700000e-06	-1.244017e-09	-1.609638e-09	-6.560562e+00	-4.733679e+02
1.710000e-06	-1.152703e-09	-1.545802e-09	-6.077526e+00	-4.545551e+02
1.720000e-06	-1.061322e-09	-1.480731e-09	-5.594090e+00	-4.353739e+02
1.730000e-06	-9.698855e-10	-1.414296e-09	-5.110306e+00	-4.158071e+02
1.740000e-06	-8.783826e-10	-1.346472e-09	-4.626210e+00	-3.958331e+02
1.750000e-06	-7.867894e-10	-1.277270e-09	-4.141628e+00	-3.754543e+02
1.760000e-06	-6.950907e-10	-1.207011e-09	-3.656454e+00	-3.547848e+02
1.770000e-06	-6.033215e-10	-1.136102e-09	-3.170888e+00	-3.339195e+02
1.780000e-06	-5.114864e-10	-1.064504e-09	-2.684964e+00	-3.128272e+02
1.790000e-06	-4.195828e-10	-9.925369e-10	-2.198693e+00	-2.916300e+02
1.800000e-06	-3.276450e-10	-9.203930e-10	-1.712267e+00	-2.703807e+02
1.810000e-06	-2.357023e-10	-8.482309e-10	-1.225809e+00	-2.491166e+02
1.820000e-06	-1.437945e-10	-7.761848e-10	-7.395385e-01	-2.278986e+02
1.830000e-06	-5.191534e-11	-7.039283e-10	-2.534021e-01	-2.066159e+02
1.840000e-06	3.995646e-11	-6.308924e-10	2.326984e-01	-1.850844e+02
1.850000e-06	1.318104e-10	-5.566306e-10	7.186634e-01	-1.632007e+02
1.860000e-06	2.236383e-10	-4.816063e-10	1.204503e+00	-1.411167e+02
1.870000e-06	3.154392e-10	-4.062504e-10	1.690197e+00	-1.189394e+02
1.880000e-06	4.072231e-10	-3.301773e-10	2.175765e+00	-9.654500e+01
1.890000e-06	4.990020e-10	-2.532391e-10	2.661279e+00	-7.387280e+01
1.900000e-06	5.907557e-10	-1.749904e-10	3.146628e+00	-5.077480e+01
1.910000e-06	6.824858e-10	-9.437435e-11	3.631835e+00	-2.695039e+01
1.920000e-06	7.741739e-10	-1.084185e-11	4.116877e+00	-2.258910e+00
1.930000e-06	8.658066e-10	7.619222e-11	4.601674e+00	2.346192e+01
1.940000e-06	9.573852e-10	1.675301e-10	5.086157e+00	5.043970e+01
1.950000e-06	1.048884e-09	2.630913e-10	5.570194e+00	7.863522e+01
1.960000e-06	1.140275e-09	3.614822e-10	6.053646e+00	1.076375e+02
1.970000e-06	1.231540e-09	4.613887e-10	6.536442e+00	1.370862e+02
1.980000e-06	1.322672e-09	5.626763e-10	7.018554e+00	1.669693e+02
1.990000e-06	1.413672e-09	6.656148e-10	7.499966e+00	1.973491e+02
2.000000e-06	1.504552e-09	7.697221e-10	7.980747e+00	2.280775e+02
2.010000e-06	1.595313e-09	8.741855e-10	8.460904e+00	2.589163e+02
2.020000e-06	1.685978e-09	9.787168e-10	8.940552e+00	2.897419e+02
2.030000e-06	1.776565e-09	1.082659e-09	9.419751e+00	3.203347e+02
2.040000e-06	1.867042e-09	1.183990e-09	9.898328e+00	3.501136e+02
2.050000e-06	1.957390e-09	1.281290e-09	1.037620e+01	3.786979e+02
2.060000e-06	2.047597e-09	1.374364e-09	1.085332e+01	4.060389e+02
2.070000e-06	2.137647e-09	1.462929e-09	1.132960e+01	4.320725e+02
2.080000e-06	2.227535e-09	1.547315e-09	1.180500e+01	4.568989e+02
2.090000e-06	2.317241e-09	1.627476e-09	1.227945e+01	4.804832e+02
2.100000e-06	2.406756e-09	1.703838e-09	1.275286e+01	5.029579e+02
2.110000e-06	2.496070e-09	1.777374e-09	1.322514e+01	5.245958e+02
2.120000e-06	2.585156e-09	1.847402e-09	1.369622e+01	5.451570e+02
2.130000e-06	2.674008e-09	1.913713e-09	1.416610e+01	5.645962e+02
2.140000e-06	2.762625e-09	1.977180e-09	1.463477e+01	5.832103e+02
2.150000e-06	2.851027e-09	2.037624e-09	1.510233e+01	6.009551e+02
2.160000e-06	2.939221e-09	2.094457e-09	1.556880e+01	6.176694e+02
2.170000e-06	3.027172e-09	2.148453e-09	1.603403e+01	6.335667e+02
2.180000e-06	3.114906e-09	2.200194e-09	1.649813e+01	6.487988e+02
2.190000e-06	3.202457e-09	2.249521e-09	1.696123e+01	6.633192e+02
2.200000e-06	3.289819e-09	2.297036e-09	1.742334e+01	6.772786e+02
2.210000e-06	3.376976e-09	2.342934e-09	1.788439e+01	6.907314e+02
2.220000e-06	3.463884e-09	2.386977e-09	1.834413e+01	7.036375e+02
2.230000e-06	3.550539e-09	2.428917e-09	1.880253e+01	7.159356e+02
2.240000e-06	3.636933e-09	2.468357e-09	1.925955e+01	7.275259e+02
2.250000e-06	3.723061e-09	2.505673e-09	1.971512e+01	7.385212e+02
2.260000e-06	3.808937e-09	2.541420e-09	2.016932e+01	7.490479e+02
2.270000e-06	3.894553e-09	2.576138e-09	2.062214e+01	7.592494e+02
2.280000e-06	3.979912e-09	2.610001e-09	2.107362e+01	7.691846e+02
2.290000e-06	4.065039e-09	2.642371e-09	2.152386e+01	7.786686e+02
2.300000e-06	4.149936e-09	2.673385e-09	2.197287e+01	7.877598e+02
2.310000e-06	4.234619e-09	2.703682e-09	2.242078e+01	7.966549e+02
2.320000e-06	4.319063e-09	2.732918e-09	2.286744e+01	8.052478e+02
2.330000e-06	4.403209e-09	2.760341e-09	2.331256e+01	8.133130e+02
2.340000e-06	4.487068e-09	2.785736e-09	2.375614e+01	8.207826e+02
2.350000e-06	4.570626e-09	2.809623e-09	2.419811e+01	8.278099e+02
2.360000e-06	4.653867e-09	2.833005e-09	2.463839e+01	8.346728e+02
2.370000e-06	4.736798e-09	2.856356e-09	2.507704e+01	8.415037e+02
2.380000e-06	4.819417e-09	2.879009e-09	2.551399e+01	8.481370e+02
2.390000e-06	4.901710e-09	2.900297e-09	2.594917e+01	8.543829e+02
2.400000e-06	4.983651e-09	2.921001e-09	2.638252e+01	8.604489e+02
2.410000e-06	5.065215e-09	2.941347e-09	2.681387e+01	8.664079e+02
2.420000e-06	5.146403e-09	2.960408e-09	2.724322e+01	8.720055e+02
2.430000e-06	5.227222e-09	2.978561e-09	2.767065e+01	8.773324e+02
2.440000e-06	5.307648e-09	2.996111e-09	2.809600e+01	8.824691e+02
2.450000e-06	5.387700e-09	3.012800e-09	2.851939e+01	8.873515e+02
2.460000e-06	5.467412e-09	3.029201e-09	2.894094e+01	8.921477e+02
2.470000e-06	5.546731e-09	3.045531e-09	2.936039e+01	8.969292e+02
2.480000e-06	5.625617e-09	3.061232e-09	2.977758e+01	9.015201e+02
2.490000e-06	5.704037e-09	3.075853e-09	3.019238e+01	9.057801e+02
2.500000e-06	5.781969e-09	3.089412e-09	3.060462e+01	9.097316e+02
2.510000e-06	5.859446e-09	3.102036e-09	3.101443e+01	9.134186e+02
2.520000e-06	5.936509e-09	3.114044e-09	3.142201e+01	9.169371e+02
2.530000e-06	6.013148e-09	3.125757e-09	3.182731e+01	9.203746e+02
2.540000e-06	6.089312e-09	3.137187e-09	3.223006e+01	9.237217e+02
2.550000e-06	6.164965e-09	3.148507e-09	3.263014e+01	9.270192e+02
2.560000e-06	6.240078e-09	3.159570e-09	3.302739e+01	9.302379e+02
2.570000e-06	6.314673e-09	3.170227e-09	3.342187e+01	9.333676e+02
2.580000e-06	6.388770e-09	3.180747e-09	3.381367e+01	9.364447e+02
2.590000e-06	6.462339e-09	3.190659e-09	3.420264e+01	9.392922e+02
2.600000e-06	6.535355e-09	3.199473e-09	3.458866e+01	9.418314e+02
2.610000e-06	6.607812e-09	3.207999e-09	3.497177e+01	9.443308e+02
2.620000e-06	6.679754e-09	3.216837e-09	3.535221e+01	9.469480e+02
2.630000e-06	6.751211e-09	3.225661e-09	3.573012e+01	9.495620e+02
2.640000e-06	6.822214e-09	3.234117e-09	3.610562e+01	9.520386e+02
2.650000e-06	6.892779e-09	3.242124e-09	3.647879e+01	9.543527e+02
2.660000e-06	6.962838e-09	3.250123e-09	3.684926e+01	9.566521e+02
2.670000e-06	7.032370e-09	3.257915e-09	3.721699e+01	9.589057e+02
2.680000e-06	7.101439e-09	3.264928e-09	3.758224e+01	9.609496e+02
2.690000e-06	7.170074e-09	3.271676e-09	3.794520e+01	9.629292e+02
2.700000e-06	7.238270e-09	3.278500e-09	3.830587e+01	9.649354e+02
2.710000e-06	7.306011e-09	3.285364e-09	3.866412e+01	9.669523e+02
2.720000e-06	7.373257e-09	3.292221e-09	3.901973e+01	9.689699e+02
2.730000e-06	7.439956e-09	3.299010e-09	3.937239e+01	9.709505e+02
2.740000e-06	7.506054e-09	3.305688e-09	3.972186e+01	9.728625e+02
2.750000e-06	7.571507e-09	3.312254e-09	4.006793e+01	9.747360e+02
2.760000e-06	7.636310e-09	3.318707e-09	4.041062e+01	9.766202e+02
2.770000e-06	7.700509e-09	3.324782e-09	4.075015e+01	9.784299e+02
2.780000e-06	7.764180e-09	3.330381e-09	4.108686e+01	9.800870e+02
2.790000e-06	7.827375e-09	3.335299e-09	4.142101e+01	9.815162e+02
2.800000e-06	7.890092e-09	3.339972e-09	4.175264e+01	9.828681e+02
2.810000e-06	7.952301e-09	3.345168e-09	4.208160e+01	9.843814e+02
2.820000e-06	8.013978e-09	3.350763e-09	4.240778e+01	9.860260e+02
2.830000e-06	8.075165e-09	3.356580e-09	4.273137e+01	9.877309e+02
2.840000e-06	8.135881e-09	3.362730e-09	4.305247e+01	9.895027e+02
2.850000e-06	8.196102e-09	3.368877e-09	4.337097e+01	9.912595e+02
2.860000e-06	8.255800e-09	3.374563e-09	4.368670e+01	9.929012e+02
2.870000e-06	8.314906e-09	3.379472e-09	4.399922e+01	9.943325e+02
2.880000e-06	8.373311e-09	3.383474e-09	4.430795e+01	9.954976e+02
2.890000e-06	8.430943e-09	3.387166e-09	4.461260e+01	9.965741e+02
2.900000e-06	8.487814e-09	3.391469e-09	4.491327e+01	9.978421e+02
2.910000e-06	8.544013e-09	3.396647e-09	4.521040e+01	9.993652e+02
2.920000e-06	8.599641e-09	3.401883e-09	4.550448e+01	1.000883e+03
2.930000e-06	8.654735e-09	3.406594e-09	4.579575e+01	1.002241e+03
2.940000e-06	8.709255e-09	3.410774e-09	4.608406e+01	1.003437e+03
2.950000e-06	8.763154e-09	3.414511e-09	4.636915e+01	1.004504e+03
2.960000e-06	8.816457e-09	3.418093e-09	4.665107e+01	1.005561e+03
2.970000e-06	8.869169e-09	3.421309e-09	4.692975e+01	1.006536e+03
2.980000e-06	8.921197e-09	3.424337e-09	4.720478e+01	1.007453e+03
2.990000e-06	8.972433e-09	3.428004e-09	4.747571e+01	1.008535e+03
3.000000e-06	9.022822e-09	3.432282e-09	4.774219e+01	1.009770e+03
3.010000e-06	9.072338e-09	3.436708e-09	4.800398e+01	1.011041e+03
3.020000e-06	9.121028e-09	3.440758e-09	4.826140e+01	1.012206e+03
3.030000e-06	9.169018e-09	3.444086e-09	4.851517e+01	1.013157e+03
3.040000e-06	9.216401e-09	3.446822e-09	4.876574e+01	1.013953e+03
3.050000e-06	9.263172e-09	3.449473e-09	4.901306e+01	1.014746e+03
3.060000e-06	9.309272e-09	3.452423e-09	4.925682e+01	1.015627e+03
3.070000e-06	9.354706e-09	3.455489e-09	4.949704e+01	1.016523e+03
3.080000e-06	9.399508e-09	3.458631e-09	4.973395e+01	1.017433e+03
3.090000e-06	9.443753e-09	3.461871e-09	4.996795e+01	1.018366e+03
3.100000e-06	9.487515e-09	3.465180e-09	5.019939e+01	1.019314e+03
3.110000e-06	9.530695e-09	3.468526e-09	5.042770e+01	1.020274e+03
3.120000e-06	9.573070e-09	3.471463e-09	5.065176e+01	1.021116e+03
3.130000e-06	9.614529e-09	3.474280e-09	5.087097e+01	1.021938e+03
3.140000e-06	9.655140e-09	3.477095e-09	5.108569e+01	1.022772e+03
3.150000e-06	9.695073e-09	3.479232e-09	5.129685e+01	1.023401e+03
3.160000e-06	9.734430e-09	3.481111e-09	5.150497e+01	1.023944e+03
3.170000e-06	9.773169e-09	3.483329e-09	5.170980e+01	1.024577e+03
3.180000e-06	9.811208e-09	3.485649e-09	5.191096e+01	1.025233e+03
3.190000e-06	9.848541e-09	3.488153e-09	5.210836e+01	1.025952e+03
3.200000e-06	9.885213e-09	3.490750e-09	5.230223e+01	1.026706e+03
3.210000e-06	9.921322e-09	3.492878e-09	5.249316e+01	1.027329e+03
3.220000e-06	9.956896e-09	3.494725e-09	5.268122e+01	1.027878e+03
3.230000e-06	9.991746e-09	3.496604e-09	5.286538e+01	1.028434e+03
3.240000e-06	1.002566e-08	3.498647e-09	5.304461e+01	1.029028e+03
3.250000e-06	1.005865e-08	3.500484e-09	5.321897e+01	1.029557e+03
3.260000e-06	1.009089e-08	3.501847e-09	5.338938e+01	1.029951e+03
3.270000e-06	1.012251e-08	3.503306e-09	5.355652e+01	1.030381e+03
3.280000e-06	1.015351e-08	3.504990e-09	5.372039e+01	1.030873e+03
3.290000e-06	1.018384e-08	3.506504e-09	5.388075e+01	1.031322e+03
3.300000e-06	1.021347e-08	3.507599e-09	5.403735e+01	1.031653e+03
3.310000e-06	1.024237e-08	3.508913e-09	5.419012e+01	1.032042e+03
3.320000e-06	1.027065e-08	3.510665e-09	5.433964e+01	1.032555e+03
3.330000e-06	1.029839e-08	3.512587e-09	5.448632e+01	1.033119e+03
3.340000e-06	1.032542e-08	3.514247e-09	5.462916e+01	1.033587e+03
3.350000e-06	1.035146e-08	3.515161e-09	5.476672e+01	1.033829e+03
3.360000e-06	1.037647e-08	3.515595e-09	5.489885e+01	1.033957e+03
3.370000e-06	1.040068e-08	3.516070e-09	5.502670e+01	1.034105e+03
3.380000e-06	1.042424e-08	3.517014e-09	5.515114e+01	1.034388e+03
3.390000e-06	1.044712e-08	3.518367e-09	5.527202e+01	1.034793e+03
3.400000e-06	1.046931e-08	3.519776e-09	5.538924e+01	1.035201e+03
3.410000e-06	1.049079e-08	3.521086e-09	5.550277e+01	1.035572e+03
3.420000e-06	1.051157e-08	3.522227e-09	5.561259e+01	1.035900e+03
3.430000e-06	1.053176e-08	3.523000e-09	5.571929e+01	1.036128e+03
3.440000e-06	1.055140e-08	3.523664e-09	5.582305e+01	1.036319e+03
3.450000e-06	1.057032e-08	3.524367e-09	5.592300e+01	1.036520e+03
3.460000e-06	1.058842e-08	3.525033e-09	5.601851e+01	1.036726e+03
3.470000e-06	1.060572e-08	3.525859e-09	5.610989e+01	1.036975e+03
3.480000e-06	1.062231e-08	3.526983e-09	5.619756e+01	1.037305e+03
3.490000e-06	1.063807e-08	3.528031e-09	5.628076e+01	1.037619e+03
3.500000e-06	1.065291e-08	3.528602e-09	5.635912e+01	1.037793e+03
3.510000e-06	1.066693e-08	3.528826e-09	5.643313e+01	1.037864e+03
3.520000e-06	1.068018e-08	3.528904e-09	5.650310e+01	1.037887e+03
3.530000e-06	1.069268e-08	3.529195e-09	5.656914e+01	1.037977e+03
3.540000e-06	1.070445e-08	3.529878e-09	5.663129e+01	1.038187e+03
3.550000e-06	1.071535e-08	3.530533e-09	5.668880e+01	1.038374e+03
3.560000e-06	1.072515e-08	3.530645e-09	5.674042e+01	1.038401e+03
3.570000e-06	1.073390e-08	3.530686e-09	5.678653e+01	1.038422e+03
3.580000e-06	1.074190e-08	3.531359e-09	5.682874e+01	1.038621e+03
3.590000e-06	1.074929e-08	3.531965e-09	5.686767e+01	1.038783e+03
3.600000e-06	1.075596e-08	3.532093e-09	5.690279e+01	1.038816e+03
3.610000e-06	1.076185e-08	3.532289e-09	5.693379e+01	1.038885e+03
3.620000e-06	1.076697e-08	3.532455e-09	5.696074e+01	1.038939e+03
3.630000e-06	1.077141e-08	3.532275e-09	5.698412e+01	1.038891e+03
3.640000e-06	1.077529e-08	3.532081e-09	5.700458e+01	1.038844e+03
3.650000e-06	1.077851e-08	3.531999e-09	5.702151e+01	1.038839e+03
3.660000e-06	1.078078e-08	3.531846e-09	5.703338e+01	1.038803e+03
3.670000e-06	1.078199e-08	3.531698e-09	5.703966e+01	1.038749e+03
3.680000e-06	1.078237e-08	3.531598e-09	5.704150e+01	1.038728e+03
3.690000e-06	1.078212e-08	3.531517e-09	5.704009e+01	1.038727e+03
3.700000e-06	1.078124e-08	3.531537e-09	5.703528e+01	1.038745e+03
3.710000e-06	1.077965e-08	3.531491e-09	5.702668e+01	1.038745e+03
3.720000e-06	1.077736e-08	3.531304e-09	5.701437e+01	1.038688e+03
3.730000e-06	1.077437e-08	3.531195e-09	5.699837e+01	1.038655e+03
3.740000e-06	1.077075e-08	3.531266e-09	5.697916e+01	1.038702e+03
3.750000e-06	1.076665e-08	3.530839e-09	5.695736e+01	1.038579e+03
3.760000e-06	1.076198e-08	3.528294e-09	5.693256e+01	1.037897e+03
3.770000e-06	1.075645e-08	3.530447e-09	5.690316e+01	1.038802e+03
3.780000e-06	1.074976e-08	3.539776e-09	5.686758e+01	1.041208e+03
3.790000e-06	1.074176e-08	3.539554e-09	5.682500e+01	1.040153e+03
3.800000e-06	1.073241e-08	3.521979e-09	5.677531e+01	1.035173e+03
3.810000e-06	1.072214e-08	3.512436e-09	5.672079e+01	1.034238e+03
3.820000e-06	1.071163e-08	3.532934e-09	5.666525e+01	1.040779e+03
3.830000e-06	1.070100e-08	3.548196e-09	5.660898e+01	1.042790e+03
3.840000e-06	1.068958e-08	3.524740e-09	5.654835e+01	1.034821e+03
3.850000e-06	1.067706e-08	3.511602e-09	5.648202e+01	1.033878e+03
3.860000e-06	1.066387e-08	3.535376e-09	5.641224e+01	1.041897e+03
3.870000e-06	1.065004e-08	3.537680e-09	5.633888e+01	1.039453e+03
3.880000e-06	1.063509e-08	3.513981e-09	5.625951e+01	1.032267e+03
3.890000e-06	1.061912e-08	3.524354e-09	5.617489e+01	1.038151e+03
3.900000e-06	1.060258e-08	3.546169e-09	5.608735e+01	1.043721e+03
3.910000e-06	1.058541e-08	3.519145e-09	5.599643e+01	1.033865e+03
3.920000e-06	1.056741e-08	3.492835e-09	5.590100e+01	1.028705e+03
3.930000e-06	1.054867e-08	3.514564e-09	5.580172e+01	1.036678e+03
3.940000e-06	1.052931e-08	3.520468e-09	5.569914e+01	1.035254e+03
3.950000e-06	1.050920e-08	3.496317e-09	5.559269e+01	1.027641e+03
3.960000e-06	1.048827e-08	3.509843e-09	5.548185e+01	1.034237e+03
3.970000e-06	1.046646e-08	3.534249e-09	5.536627e+01	1.040056e+03
3.980000e-06	1.044368e-08	3.510997e-09	5.524554e+01	1.031733e+03
3.990000e-06	1.042003e-08	3.494605e-09	5.512031e+01	1.030079e+03
4.000000e-06	1.039575e-08	3.511040e-09	5.499177e+01	1.035766e+03
4.010000e-06	1.037081e-08	3.498016e-09	5.485965e+01	1.029560e+03
4.020000e-06	1.034509e-08	3.475642e-09	5.472345e+01	1.024526e+03
4.030000e-06	1.031867e-08	3.496439e-09	5.458354e+01	1.032185e+03
4.040000e-06	1.029157e-08	3.507685e-09	5.443998e+01	1.032490e+03
4.050000e-06	1.026385e-08	3.489687e-09	5.429321e+01	1.026808e+03
4.060000e-06	1.023559e-08	3.507013e-09	5.414360e+01	1.033669e+03
4.070000e-06	1.020656e-08	3.532860e-09	5.398986e+01	1.038865e+03
4.080000e-06	1.017651e-08	3.517343e-09	5.383071e+01	1.033357e+03
4.090000e-06	1.014545e-08	3.520904e-09	5.366621e+01	1.036612e+03
4.100000e-06	1.011354e-08	3.543083e-09	5.349725e+01	1.041759e+03
4.110000e-06	1.008095e-08	3.529888e-09	5.332468e+01	1.037015e+03
4.120000e-06	1.004773e-08	3.525033e-09	5.314874e+01	1.037651e+03
4.130000e-06	1.001385e-08	3.541565e-09	5.296934e+01	1.041473e+03
4.140000e-06	9.979335e-09	3.537018e-09	5.278660e+01	1.039318e+03
4.150000e-06	9.944238e-09	3.527364e-09	5.260073e+01	1.038063e+03
4.160000e-06	9.908551e-09	3.529852e-09	5.241177e+01	1.037784e+03
4.170000e-06	9.872224e-09	3.531314e-09	5.221950e+01	1.037717e+03
4.180000e-06	9.835154e-09	3.526053e-09	5.202327e+01	1.037703e+03
4.190000e-06	9.797179e-09	3.519258e-09	5.182218e+01	1.034877e+03
4.200000e-06	9.758246e-09	3.521810e-09	5.161603e+01	1.035100e+03
4.210000e-06	9.718536e-09	3.526076e-09	5.140581e+01	1.037433e+03
4.220000e-06	9.678210e-09	3.521099e-09	5.119236e+01	1.035282e+03
4.230000e-06	9.637240e-09	3.518337e-09	5.097546e+01	1.034102e+03
4.240000e-06	9.595544e-09	3.516420e-09	5.075467e+01	1.034580e+03
4.250000e-06	9.553121e-09	3.510279e-09	5.053006e+01	1.032439e+03
4.260000e-06	9.510071e-09	3.511667e-09	5.030215e+01	1.032296e+03
4.270000e-06	9.466488e-09	3.512196e-09	5.007145e+01	1.032942e+03
4.280000e-06	9.422399e-09	3.504975e-09	4.983811e+01	1.030851e+03
4.290000e-06	9.377764e-09	3.503967e-09	4.960190e+01	1.030314e+03
4.300000e-06	9.332510e-09	3.505169e-09	4.936235e+01	1.030821e+03
4.310000e-06	9.286546e-09	3.501573e-09	4.911895e+01	1.029743e+03
4.320000e-06	9.239862e-09	3.500995e-09	4.887173e+01	1.029497e+03
4.330000e-06	9.192545e-09	3.497588e-09	4.862123e+01	1.028640e+03
4.340000e-06	9.144547e-09	3.489733e-09	4.836714e+01	1.026378e+03
4.350000e-06	9.095775e-09	3.488648e-09	4.810887e+01	1.025970e+03
4.360000e-06	9.046258e-09	3.488802e-09	4.784670e+01	1.025964e+03
4.370000e-06	8.996038e-09	3.483798e-09	4.758086e+01	1.024491e+03
4.380000e-06	8.945121e-09	3.480174e-09	4.731133e+01	1.023557e+03
4.390000e-06	8.893503e-09	3.478998e-09	4.703810e+01	1.023357e+03
4.400000e-06	8.841140e-09	3.477196e-09	4.676099e+01	1.022659e+03
4.410000e-06	8.787976e-09	3.475875e-09	4.647969e+01	1.022079e+03
4.420000e-06	8.734026e-09	3.473233e-09	4.619417e+01	1.021397e+03
4.430000e-06	8.679347e-09	3.466614e-09	4.590467e+01	1.019492e+03
4.440000e-06	8.623967e-09	3.459744e-09	4.561148e+01	1.017448e+03
4.450000e-06	8.567944e-09	3.456777e-09	4.531497e+01	1.016694e+03
4.460000e-06	8.511362e-09	3.455956e-09	4.501550e+01	1.016474e+03
4.470000e-06	8.454236e-09	3.453448e-09	4.471313e+01	1.015640e+03
4.480000e-06	8.396524e-09	3.448974e-09	4.440763e+01	1.014350e+03
4.490000e-06	8.338192e-09	3.445561e-09	4.409885e+01	1.013394e+03
4.500000e-06	8.279286e-09	3.442885e-09	4.378706e+01	1.012478e+03
4.510000e-06	8.219844e-09	3.438391e-09	4.347242e+01	1.011073e+03
4.520000e-06	8.159848e-09	3.432413e-09	4.315488e+01	1.009460e+03
4.530000e-06	8.099268e-09	3.426603e-09	4.283435e+01	1.007874e+03
4.540000e-06	8.038050e-09	3.421780e-09	4.251040e+01	1.006434e+03
4.550000e-06	7.976157e-09	3.419018e-09	4.218280e+01	1.005587e+03
4.560000e-06	7.913628e-09	3.417197e-09	4.185182e+01	1.004985e+03
4.570000e-06	7.850515e-09	3.413479e-09	4.151778e+01	1.003827e+03
4.580000e-06	7.786815e-09	3.407310e-09	4.118063e+01	1.002049e+03
4.590000e-06	7.722542e-09	3.400993e-09	4.084045e+01	1.000258e+03
4.600000e-06	7.657774e-09	3.395894e-09	4.049766e+01	9.987588e+02
4.610000e-06	7.592503e-09	3.390592e-09	4.015219e+01	9.971909e+02
4.620000e-06	7.526695e-09	3.384086e-09	3.980384e+01	9.953082e+02
4.630000e-06	7.460349e-09	3.377216e-09	3.945270e+01	9.933129e+02
4.640000e-06	7.393492e-09	3.371316e-09	3.909885e+01	9.915719e+02
4.650000e-06	7.326166e-09	3.366655e-09	3.874248e+01	9.901886e+02
4.660000e-06	7.258375e-09	3.361428e-09	3.838367e+01	9.886574e+02
4.670000e-06	7.190086e-09	3.354117e-09	3.802233e+01	9.865445e+02
4.680000e-06	7.121272e-09	3.346125e-09	3.765823e+01	9.842376e+02
4.690000e-06	7.051917e-09	3.339128e-09	3.729120e+01	9.821743e+02
4.700000e-06	6.982009e-09	3.332881e-09	3.692121e+01	9.802900e+02
4.710000e-06	6.911553e-09	3.326394e-09	3.654835e+01	9.783662e+02
4.720000e-06	6.840554e-09	3.318957e-09	3.617263e+01	9.762440e+02
4.730000e-06	6.769028e-09	3.310658e-09	3.579414e+01	9.738904e+02
4.740000e-06	6.697007e-09	3.302709e-09	3.541303e+01	9.715885e+02
4.750000e-06	6.624511e-09	3.295665e-09	3.502934e+01	9.695083e+02
4.760000e-06	6.551547e-09	3.288421e-09	3.464322e+01	9.673619e+02
4.770000e-06	6.478158e-09	3.279712e-09	3.425491e+01	9.647909e+02
4.780000e-06	6.404368e-09	3.270249e-09	3.386444e+01	9.620164e+02
4.790000e-06	6.330125e-09	3.261517e-09	3.347153e+01	9.594630e+02
4.800000e-06	6.255417e-09	3.253363e-09	3.307617e+01	9.570850e+02
4.810000e-06	6.180268e-09	3.244394e-09	3.267855e+01	9.544884e+02
4.820000e-06	6.104675e-09	3.234565e-09	3.227864e+01	9.516502e+02
4.830000e-06	6.028622e-09	3.224759e-09	3.187627e+01	9.488007e+02
4.840000e-06	5.952069e-09	3.215249e-09	3.147132e+01	9.459871e+02
4.850000e-06	5.875005e-09	3.205680e-09	3.106376e+01	9.431281e+02
4.860000e-06	5.797427e-09	3.195392e-09	3.065347e+01	9.401057e+02
4.870000e-06	5.719368e-09	3.183516e-09	3.024057e+01	9.366622e+02
4.880000e-06	5.640849e-09	3.170578e-09	2.982515e+01	9.328998e+02
4.890000e-06	5.561823e-09	3.158337e-09	2.940704e+01	9.293104e+02
4.900000e-06	5.482310e-09	3.146600e-09	2.898634e+01	9.258447e+02
4.910000e-06	5.402334e-09	3.134190e-09	2.856319e+01	9.221930e+02
4.920000e-06	5.321939e-09	3.121163e-09	2.813787e+01	9.183834e+02
4.930000e-06	5.241196e-09	3.107968e-09	2.771065e+01	9.145113e+02
4.940000e-06	5.160143e-09	3.094882e-09	2.728174e+01	9.106570e+02
4.950000e-06	5.078800e-09	3.081661e-09	2.685136e+01	9.067760e+02
4.960000e-06	4.997156e-09	3.067052e-09	2.641941e+01	9.025096e+02
4.970000e-06	4.915190e-09	3.050805e-09	2.598565e+01	8.977709e+02
4.980000e-06	4.832906e-09	3.034187e-09	2.555021e+01	8.929010e+02
4.990000e-06	4.750343e-09	3.017947e-09	2.511329e+01	8.881124e+02
5.000000e-06	4.667488e-09	3.001758e-09	2.467486e+01	8.833185e+02
5.010000e-06	4.584357e-09	2.984631e-09	2.423501e+01	8.782856e+02
5.020000e-06	4.500966e-09	2.966265e-09	2.379378e+01	8.729294e+02
5.030000e-06	4.417286e-09	2.947605e-09	2.335103e+01	8.674641e+02
5.040000e-06	4.333285e-09	2.929097e-09	2.290662e+01	8.620018e+02
5.050000e-06	4.248903e-09	2.910061e-09	2.246023e+01	8.563670e+02
5.060000e-06	4.164141e-09	2.889368e-09	2.201187e+01	8.502495e+02
5.070000e-06	4.079045e-09	2.867521e-09	2.156173e+01	8.438282e+02
5.080000e-06	3.993624e-09	2.845387e-09	2.110983e+01	8.373270e+02
5.090000e-06	3.907920e-09	2.822889e-09	2.065642e+01	8.306806e+02
5.100000e-06	3.821963e-09	2.800048e-09	2.020170e+01	8.239239e+02
5.110000e-06	3.735761e-09	2.776114e-09	1.974566e+01	8.168723e+02
5.120000e-06	3.649300e-09	2.750763e-09	1.928819e+01	8.094185e+02
5.130000e-06	3.562549e-09	2.724493e-09	1.882921e+01	8.016720e+02
5.140000e-06	3.475497e-09	2.697882e-09	1.836862e+01	7.938077e+02
5.150000e-06	3.388148e-09	2.670667e-09	1.790642e+01	7.857684e+02
5.160000e-06	3.300528e-09	2.641630e-09	1.744282e+01	7.772214e+02
5.170000e-06	3.212644e-09	2.610725e-09	1.697783e+01	7.681468e+02
5.180000e-06	3.124504e-09	2.579116e-09	1.651146e+01	7.588471e+02
5.190000e-06	3.036113e-09	2.547604e-09	1.604378e+01	7.495564e+02
5.200000e-06	2.947489e-09	2.515777e-09	1.557492e+01	7.401641e+02
5.210000e-06	2.858685e-09	2.482540e-09	1.510508e+01	7.303607e+02
5.220000e-06	2.769722e-09	2.447639e-09	1.463434e+01	7.200988e+02
5.230000e-06	2.680624e-09	2.411863e-09	1.416290e+01	7.095759e+02
5.240000e-06	2.591386e-09	2.375055e-09	1.369077e+01	6.987106e+02
5.250000e-06	2.502005e-09	2.336041e-09	1.321787e+01	6.871960e+02
5.260000e-06	2.412487e-09	2.294445e-09	1.274423e+01	6.749486e+02
5.270000e-06	2.322810e-09	2.250968e-09	1.226976e+01	6.621562e+02
5.280000e-06	2.232974e-09	2.206551e-09	1.179444e+01	6.490849e+02
5.290000e-06	2.142991e-09	2.161757e-09	1.131835e+01	6.358960e+02
5.300000e-06	2.052857e-09	2.115906e-09	1.084149e+01	6.223806e+02
5.310000e-06	1.962577e-09	2.067747e-09	1.036384e+01	6.081980e+02
5.320000e-06	1.872169e-09	2.017191e-09	9.885445e+00	5.933331e+02
5.330000e-06	1.781619e-09	1.964931e-09	9.406277e+00	5.779401e+02
5.340000e-06	1.690921e-09	1.910563e-09	8.926393e+00	5.618915e+02
5.350000e-06	1.600103e-09	1.853883e-09	8.445888e+00	5.451859e+02
5.360000e-06	1.509209e-09	1.795330e-09	7.964925e+00	5.279604e+02
5.370000e-06	1.418257e-09	1.734981e-09	7.483700e+00	5.102087e+02
5.380000e-06	1.327255e-09	1.673712e-09	7.002239e+00	4.921779e+02
5.390000e-06	1.236209e-09	1.611409e-09	6.520556e+00	4.738259e+02
5.400000e-06	1.145082e-09	1.547366e-09	6.038503e+00	4.549704e+02
5.410000e-06	1.053880e-09	1.481640e-09	5.556026e+00	4.356278e+02
5.420000e-06	9.626213e-10	1.414662e-09	5.073160e+00	4.159025e+02
5.430000e-06	8.712912e-10	1.347002e-09	4.589925e+00	3.959682e+02
5.440000e-06	7.798922e-10	1.278412e-09	4.106376e+00	3.757574e+02
5.450000e-06	6.884387e-10	1.208426e-09	3.622558e+00	3.551470e+02
5.460000e-06	5.969325e-10	1.137064e-09	3.138422e+00	3.341454e+02
5.470000e-06	5.053700e-10	1.065181e-09	2.654010e+00	3.129962e+02
5.480000e-06	4.137808e-10	9.936417e-10	2.169475e+00	2.919414e+02
5.490000e-06	3.221737e-10	9.220423e-10	1.684815e+00	2.708538e+02
5.500000e-06	2.305614e-10	8.502367e-10	1.200112e+00	2.497180e+02
5.510000e-06	1.389619e-10	7.782827e-10	7.154596e-01	2.285405e+02
5.520000e-06	4.736300e-11	7.059160e-10	2.308565e-01	2.072236e+02
5.530000e-06	-4.422812e-11	6.332911e-10	-2.536988e-01	1.858253e+02
5.540000e-06	-1.358000e-10	5.597623e-10	-7.381662e-01	1.641651e+02
5.550000e-06	-2.273478e-10	4.849895e-10	-1.222476e+00	1.421565e+02
5.560000e-06	-3.188825e-10	4.097325e-10	-1.706713e+00	1.200056e+02
5.570000e-06	-4.104165e-10	3.343092e-10	-2.190934e+00	9.777782e+01
5.580000e-06	-5.019308e-10	2.581781e-10	-2.675080e+00	7.530182e+01
5.590000e-06	-5.934137e-10	1.804107e-10	-3.159081e+00	5.232869e+01
5.600000e-06	-6.848597e-10	1.002107e-10	-3.642866e+00	2.865312e+01
5.610000e-06	-7.762700e-10	1.692680e-11	-4.126492e+00	4.076742e+00
5.620000e-06	-8.676303e-10	-6.952464e-11	-4.609865e+00	-2.144035e+01
5.630000e-06	-9.589253e-10	-1.591279e-10	-5.092867e+00	-4.790351e+01
5.640000e-06	-1.050149e-09	-2.521665e-10	-5.575456e+00	-7.538069e+01
5.650000e-06	-1.141283e-09	-3.486614e-10	-6.057587e+00	-1.038553e+02
5.660000e-06	-1.232314e-09	-4.478360e-10	-6.539247e+00	-1.331093e+02
5.670000e-06	-1.323255e-09	-5.483869e-10	-7.020463e+00	-1.627861e+02
5.680000e-06	-1.414099e-09	-6.507639e-10	-7.501160e+00	-1.930244e+02
5.690000e-06	-1.504849e-09	-7.555393e-10	-7.981318e+00	-2.239471e+02
5.700000e-06	-1.595527e-09	-8.607712e-10	-8.461041e+00	-2.549481e+02
5.710000e-06	-1.686124e-09	-9.647724e-10	-8.940317e+00	-2.855711e+02
5.720000e-06	-1.776624e-09	-1.067422e-09	-9.419096e+00	-3.158046e+02
5.730000e-06	-1.867017e-09	-1.168357e-09	-9.897336e+00	-3.455055e+02
5.740000e-06	-1.957298e-09	-1.266350e-09	-1.037499e+01	-3.742961e+02
5.750000e-06	-2.047457e-09	-1.360315e-09	-1.085197e+01	-4.018976e+02
5.760000e-06	-2.137450e-09	-1.449991e-09	-1.132802e+01	-4.282674e+02
5.770000e-06	-2.227266e-09	-1.535193e-09	-1.180313e+01	-4.533335e+02
5.780000e-06	-2.316935e-09	-1.616242e-09	-1.227749e+01	-4.771692e+02
5.790000e-06	-2.406442e-09	-1.694297e-09	-1.275103e+01	-5.001144e+02
5.800000e-06	-2.495775e-09	-1.769153e-09	-1.322364e+01	-5.220936e+02
5.810000e-06	-2.584950e-09	-1.839576e-09	-1.369541e+01	-5.427616e+02
5.820000e-06	-2.673966e-09	-1.906005e-09	-1.416637e+01	-5.622830e+02
5.830000e-06	-2.762818e-09	-1.969868e-09	-1.463642e+01	-5.810538e+02
5.840000e-06	-2.851490e-09	-2.031271e-09	-1.510548e+01	-5.990772e+02
5.850000e-06	-2.939963e-09	-2.089449e-09	-1.557348e+01	-6.161443e+02
5.860000e-06	-3.028252e-09	-2.144327e-09	-1.604052e+01	-6.322656e+02
5.870000e-06	-3.116359e-09	-2.196555e-09	-1.650662e+01	-6.476343e+02
5.880000e-06	-3.204231e-09	-2.246385e-09	-1.697146e+01	-6.623037e+02
5.890000e-06	-3.291848e-09	-2.294211e-09	-1.743495e+01	-6.763727e+02
5.900000e-06	-3.379229e-09	-2.340430e-09	-1.789715e+01	-6.899467e+02
5.910000e-06	-3.466340e-09	-2.384497e-09	-1.835788e+01	-7.028908e+02
5.920000e-06	-3.553154e-09	-2.426397e-09	-1.881709e+01	-7.152179e+02
5.930000e-06	-3.639658e-09	-2.466725e-09	-1.927461e+01	-7.270714e+02
5.940000e-06	-3.725850e-09	-2.505310e-09	-1.973043e+01	-7.383892e+02
5.950000e-06	-3.811755e-09	-2.541758e-09	-2.018474e+01	-7.490997e+02
5.960000e-06	-3.897375e-09	-2.576427e-09	-2.063756e+01	-7.593140e+02
5.970000e-06	-3.982699e-09	-2.610094e-09	-2.108881e+01	-7.692252e+02
5.980000e-06	-4.067711e-09	-2.642965e-09	-2.153838e+01	-7.788914e+02
5.990000e-06	-4.152400e-09	-2.674557e-09	-2.198625e+01	-7.881566e+02
6.000000e-06	-4.236773e-09	-2.704647e-09	-2.243251e+01	-7.969659e+02
6.010000e-06	-4.320835e-09	-2.733627e-09	-2.287718e+01	-8.054737e+02
6.020000e-06	-4.404569e-09	-2.761726e-09	-2.332015e+01	-8.137275e+02
6.030000e-06	-4.488014e-09	-2.788525e-09	-2.376159e+01	-8.215826e+02
6.040000e-06	-4.571191e-09	-2.813836e-09	-2.420159e+01	-8.289949e+02
6.050000e-06	-4.654066e-09	-2.837628e-09	-2.463999e+01	-8.359738e+02
6.060000e-06	-4.736634e-09	-2.859733e-09	-2.507680e+01	-8.424809e+02
6.070000e-06	-4.818902e-09	-2.881112e-09	-2.551201e+01	-8.487833e+02
6.080000e-06	-4.900851e-09	-2.902613e-09	-2.594547e+01	-8.550885e+02
6.090000e-06	-4.982452e-09	-2.923341e-09	-2.637710e+01	-8.611302e+02
6.100000e-06	-5.063726e-09	-2.942880e-09	-2.680701e+01	-8.668353e+02
6.110000e-06	-5.144705e-09	-2.961664e-09	-2.723535e+01	-8.723441e+02
6.120000e-06	-5.225381e-09	-2.979590e-09	-2.766209e+01	-8.776116e+02
6.130000e-06	-5.305716e-09	-2.996465e-09	-2.808701e+01	-8.825654e+02
6.140000e-06	-5.385659e-09	-3.012611e-09	-2.850982e+01	-8.872903e+02
6.150000e-06	-5.465171e-09	-3.028166e-09	-2.893035e+01	-8.918348e+02
6.160000e-06	-5.544250e-09	-3.043591e-09	-2.934857e+01	-8.963546e+02
6.170000e-06	-5.622869e-09	-3.059363e-09	-2.976430e+01	-9.009678e+02
6.180000e-06	-5.701008e-09	-3.074761e-09	-3.017742e+01	-9.054395e+02
6.190000e-06	-5.778638e-09	-3.089116e-09	-3.058782e+01	-9.096148e+02
6.200000e-06	-5.855725e-09	-3.102355e-09	-3.099543e+01	-9.134993e+02
6.210000e-06	-5.932258e-09	-3.114709e-09	-3.140015e+01	-9.171541e+02
6.220000e-06	-6.008277e-09	-3.126694e-09	-3.180211e+01	-9.206935e+02
6.230000e-06	-6.083841e-09	-3.138284e-09	-3.220171e+01	-9.240721e+02
6.240000e-06	-6.158970e-09	-3.149426e-09	-3.259905e+01	-9.273022e+02
6.250000e-06	-6.233682e-09	-3.160534e-09	-3.299423e+01	-9.305278e+02
6.260000e-06	-6.307968e-09	-3.171666e-09	-3.338717e+01	-9.337716e+02
6.270000e-06	-6.381824e-09	-3.182315e-09	-3.377784e+01	-9.368911e+02
6.280000e-06	-6.455260e-09	-3.192020e-09	-3.416625e+01	-9.397196e+02
6.290000e-06	-6.528293e-09	-3.200886e-09	-3.455249e+01	-9.422930e+02
6.300000e-06	-6.600925e-09	-3.209288e-09	-3.493660e+01	-9.447532e+02
6.310000e-06	-6.673133e-09	-3.217648e-09	-3.531851e+01	-9.472052e+02
6.320000e-06	-6.744875e-09	-3.226153e-09	-3.569798e+01	-9.496768e+02
6.330000e-06	-6.816118e-09	-3.234554e-09	-3.607473e+01	-9.521130e+02
6.340000e-06	-6.886825e-09	-3.242779e-09	-3.644857e+01	-9.545024e+02
6.350000e-06	-6.956959e-09	-3.250815e-09	-3.681941e+01	-9.568383e+02
6.360000e-06	-7.026521e-09	-3.258368e-09	-3.718727e+01	-9.590456e+02
6.370000e-06	-7.095521e-09	-3.265373e-09	-3.755217e+01	-9.611015e+02
6.380000e-06	-7.163989e-09	-3.272173e-09	-3.791428e+01	-9.630781e+02
6.390000e-06	-7.231936e-09	-3.278897e-09	-3.827370e+01	-9.650170e+02
6.400000e-06	-7.299407e-09	-3.285169e-09	-3.863062e+01	-9.668502e+02
6.410000e-06	-7.366440e-09	-3.291423e-09	-3.898519e+01	-9.687034e+02
6.420000e-06	-7.433018e-09	-3.297970e-09	-3.933733e+01	-9.706335e+02
6.430000e-06	-7.499092e-09	-3.304160e-09	-3.968682e+01	-9.724478e+02
6.440000e-06	-7.564647e-09	-3.310011e-09	-4.003359e+01	-9.741579e+02
6.450000e-06	-7.629707e-09	-3.316011e-09	-4.037771e+01	-9.758978e+02
6.460000e-06	-7.694261e-09	-3.322134e-09	-4.071914e+01	-9.776688e+02
6.470000e-06	-7.758294e-09	-3.328245e-09	-4.105786e+01	-9.794412e+02
6.480000e-06	-7.821779e-09	-3.333951e-09	-4.139367e+01	-9.810986e+02
6.490000e-06	-7.884670e-09	-3.339140e-09	-4.172629e+01	-9.826194e+02
6.500000e-06	-7.946917e-09	-3.344184e-09	-4.205547e+01	-9.841137e+02
6.510000e-06	-8.008503e-09	-3.349082e-09	-4.238116e+01	-9.855785e+02
6.520000e-06	-8.069456e-09	-3.353906e-09	-4.270353e+01	-9.870129e+02
6.530000e-06	-8.129815e-09	-3.358911e-09	-4.302279e+01	-9.884529e+02
6.540000e-06	-8.189628e-09	-3.363813e-09	-4.333919e+01	-9.898341e+02
6.550000e-06	-8.248937e-09	-3.368476e-09	-4.365291e+01	-9.911754e+02
6.560000e-06	-8.307732e-09	-3.373211e-09	-4.396388e+01	-9.925640e+02
6.570000e-06	-8.365949e-09	-3.378009e-09	-4.427178e+01	-9.939668e+02
6.580000e-06	-8.423549e-09	-3.382404e-09	-4.457644e+01	-9.952611e+02
6.590000e-06	-8.480565e-09	-3.386422e-09	-4.487796e+01	-9.964547e+02
6.600000e-06	-8.537007e-09	-3.390443e-09	-4.517644e+01	-9.976331e+02
6.610000e-06	-8.592867e-09	-3.394488e-09	-4.547186e+01	-9.988047e+02
6.620000e-06	-8.648108e-09	-3.398827e-09	-4.576397e+01	-1.000054e+03
6.630000e-06	-8.702604e-09	-3.403337e-09	-4.605211e+01	-1.001342e+03
6.640000e-06	-8.756284e-09	-3.407646e-09	-4.633590e+01	-1.002585e+03
6.650000e-06	-8.809173e-09	-3.411563e-09	-4.661551e+01	-1.003742e+03
6.660000e-06	-8.861316e-09	-3.415183e-09	-4.689122e+01	-1.004823e+03
6.670000e-06	-8.912810e-09	-3.418918e-09	-4.716350e+01	-1.005934e+03
6.680000e-06	-8.963675e-09	-3.422963e-09	-4.743249e+01	-1.007114e+03
6.690000e-06	-9.013857e-09	-3.426581e-09	-4.769787e+01	-1.008137e+03
6.700000e-06	-9.063276e-09	-3.429628e-09	-4.795917e+01	-1.009003e+03
6.710000e-06	-9.111835e-09	-3.432902e-09	-4.821594e+01	-1.009967e+03
6.720000e-06	-9.159526e-09	-3.436172e-09	-4.846807e+01	-1.010918e+03
6.730000e-06	-9.206460e-09	-3.439150e-09	-4.871621e+01	-1.011773e+03
6.740000e-06	-9.252762e-09	-3.442121e-09	-4.896111e+01	-1.012648e+03
6.750000e-06	-9.298495e-09	-3.445236e-09	-4.920295e+01	-1.013578e+03
6.760000e-06	-9.343660e-09	-3.448425e-09	-4.944175e+01	-1.014519e+03
6.770000e-06	-9.388257e-09	-3.451256e-09	-4.967765e+01	-1.015338e+03
6.780000e-06	-9.432325e-09	-3.453768e-09	-4.991079e+01	-1.016054e+03
6.790000e-06	-9.475878e-09	-3.456215e-09	-5.014117e+01	-1.016752e+03
6.800000e-06	-9.518876e-09	-3.458609e-09	-5.036856e+01	-1.017443e+03
6.810000e-06	-9.561259e-09	-3.461101e-09	-5.059262e+01	-1.018178e+03
6.820000e-06	-9.602991e-09	-3.463826e-09	-5.081326e+01	-1.018968e+03
6.830000e-06	-9.644067e-09	-3.466563e-09	-5.103045e+01	-1.019733e+03
6.840000e-06	-9.684534e-09	-3.469077e-09	-5.124443e+01	-1.020438e+03
6.850000e-06	-9.724424e-09	-3.471398e-09	-5.145537e+01	-1.021132e+03
6.860000e-06	-9.763662e-09	-3.473494e-09	-5.166279e+01	-1.021775e+03
6.870000e-06	-9.802074e-09	-3.475450e-09	-5.186573e+01	-1.022349e+03
6.880000e-06	-9.839534e-09	-3.477248e-09	-5.206370e+01	-1.022860e+03
6.890000e-06	-9.876159e-09	-3.479093e-09	-5.225734e+01	-1.023389e+03
6.900000e-06	-9.912145e-09	-3.481184e-09	-5.244761e+01	-1.023996e+03
6.910000e-06	-9.947536e-09	-3.483604e-09	-5.263476e+01	-1.024702e+03
6.920000e-06	-9.982275e-09	-3.486180e-09	-5.281841e+01	-1.025441e+03
6.930000e-06	-1.001632e-08	-3.488251e-09	-5.299831e+01	-1.026030e+03
6.940000e-06	-1.004966e-08	-3.489737e-09	-5.317456e+01	-1.026474e+03
6.950000e-06	-1.008234e-08	-3.491316e-09	-5.334735e+01	-1.026966e+03
6.960000e-06	-1.011441e-08	-3.493197e-09	-5.351697e+01	-1.027533e+03
6.970000e-06	-1.014587e-08	-3.494856e-09	-5.368323e+01	-1.028008e+03
6.980000e-06	-1.017649e-08	-3.496155e-09	-5.384499e+01	-1.028369e+03
6.990000e-06	-1.020608e-08	-3.497810e-09	-5.400137e+01	-1.028844e+03
7.000000e-06	-1.023477e-08	-3.499882e-09	-5.415296e+01	-1.029452e+03
7.010000e-06	-1.026280e-08	-3.501690e-09	-5.430114e+01	-1.029979e+03
7.020000e-06	-1.029022e-08	-3.503112e-09	-5.444614e+01	-1.030385e+03
7.030000e-06	-1.031693e-08	-3.504510e-09	-5.458732e+01	-1.030796e+03
7.040000e-06	-1.034288e-08	-3.506185e-09	-5.472445e+01	-1.031307e+03
7.050000e-06	-1.036811e-08	-3.507991e-09	-5.485771e+01	-1.031846e+03
7.060000e-06	-1.039266e-08	-3.509521e-09	-5.498744e+01	-1.032282e+03
7.070000e-06	-1.041665e-08	-3.510539e-09	-5.511426e+01	-1.032568e+03
7.080000e-06	-1.044003e-08	-3.511141e-09	-5.523787e+01	-1.032742e+03
7.090000e-06	-1.046254e-08	-3.512104e-09	-5.535667e+01	-1.033037e+03
7.100000e-06	-1.048400e-08	-3.513967e-09	-5.546992e+01	-1.033602e+03
7.110000e-06	-1.050459e-08	-3.515642e-09	-5.557866e+01	-1.034089e+03
7.120000e-06	-1.052456e-08	-3.516444e-09	-5.568415e+01	-1.034305e+03
7.130000e-06	-1.054393e-08	-3.517195e-09	-5.578641e+01	-1.034514e+03
7.140000e-06	-1.056258e-08	-3.518476e-09	-5.588489e+01	-1.034899e+03
7.150000e-06	-1.058049e-08	-3.519925e-09	-5.597944e+01	-1.035327e+03
7.160000e-06	-1.059765e-08	-3.520767e-09	-5.607010e+01	-1.035559e+03
7.170000e-06	-1.061414e-08	-3.521053e-09	-5.615721e+01	-1.035644e+03
7.180000e-06	-1.063005e-08	-3.521599e-09	-5.624129e+01	-1.035829e+03
7.190000e-06	-1.064523e-08	-3.522566e-09	-5.632137e+01	-1.036136e+03
7.200000e-06	-1.065932e-08	-3.523668e-09	-5.639558e+01	-1.036460e+03
7.210000e-06	-1.067228e-08	-3.524814e-09	-5.646391e+01	-1.036773e+03
7.220000e-06	-1.068440e-08	-3.525572e-09	-5.652783e+01	-1.036963e+03
7.230000e-06	-1.069579e-08	-3.526158e-09	-5.658791e+01	-1.037113e+03
7.240000e-06	-1.070642e-08	-3.527212e-09	-5.664396e+01	-1.037436e+03
7.250000e-06	-1.071631e-08	-3.528558e-09	-5.669604e+01	-1.037858e+03
7.260000e-06	-1.072546e-08	-3.529428e-09	-5.674419e+01	-1.038122e+03
7.270000e-06	-1.073391e-08	-3.529877e-09	-5.678875e+01	-1.038253e+03
7.280000e-06	-1.074177e-08	-3.530373e-09	-5.683029e+01	-1.038404e+03
7.290000e-06	-1.074892e-08	-3.530873e-09	-5.686796e+01	-1.038561e+03
7.300000e-06	-1.075508e-08	-3.531671e-09	-5.690022e+01	-1.038783e+03
7.310000e-06	-1.076019e-08	-3.532233e-09	-5.692696e+01	-1.038906e+03
7.320000e-06	-1.076451e-08	-3.532074e-09	-5.694963e+01	-1.038829e+03
7.330000e-06	-1.076823e-08	-3.532557e-09	-5.696916e+01	-1.038990e+03
7.340000e-06	-1.077130e-08	-3.533725e-09	-5.698521e+01	-1.039357e+03
7.350000e-06	-1.077367e-08	-3.534331e-09	-5.699764e+01	-1.039539e+03
7.360000e-06	-1.077534e-08	-3.534509e-09	-5.700629e+01	-1.039598e+03
7.370000e-06	-1.077622e-08	-3.534582e-09	-5.701074e+01	-1.039603e+03
