# Temperatura_=_19.320689655172412
# Concentracion g/m^3_=_8100.0
# C_Vs_to_Am_M_A/Vsm_=_254322799225.57578
# pendiente_HvsI_1/m_=_3716.3
# ordenada_HvsI_A/m_=_1297.0
# frecuencia_Hz_=_135561.71598439076
# Promedio de 29 ciclos

Tiempo_(s)	Campo_(V.s)	Magnetizacion_(V.s)	Campo_(kA/m)	Magnetizacion_(A/m)
0.000000e+00	-1.075165e-08	-4.499952e-09	-5.701548e+01	-1.149840e+03
1.000000e-08	-1.075158e-08	-4.500883e-09	-5.701510e+01	-1.150088e+03
2.000000e-08	-1.075084e-08	-4.501440e-09	-5.701118e+01	-1.150237e+03
3.000000e-08	-1.074914e-08	-4.501634e-09	-5.700219e+01	-1.150289e+03
4.000000e-08	-1.074642e-08	-4.501684e-09	-5.698778e+01	-1.150303e+03
5.000000e-08	-1.074290e-08	-4.501221e-09	-5.696910e+01	-1.150184e+03
6.000000e-08	-1.073882e-08	-4.500327e-09	-5.694750e+01	-1.149964e+03
7.000000e-08	-1.073418e-08	-4.499545e-09	-5.692290e+01	-1.149768e+03
8.000000e-08	-1.072882e-08	-4.498975e-09	-5.689450e+01	-1.149599e+03
9.000000e-08	-1.072261e-08	-4.496436e-09	-5.686154e+01	-1.148951e+03
1.000000e-07	-1.071534e-08	-4.492880e-09	-5.682299e+01	-1.148151e+03
1.100000e-07	-1.070676e-08	-4.493264e-09	-5.677750e+01	-1.148287e+03
1.200000e-07	-1.069682e-08	-4.500360e-09	-5.672486e+01	-1.149895e+03
1.300000e-07	-1.068609e-08	-4.507249e-09	-5.666799e+01	-1.151491e+03
1.400000e-07	-1.067509e-08	-4.501152e-09	-5.660965e+01	-1.150140e+03
1.500000e-07	-1.066352e-08	-4.490770e-09	-5.654829e+01	-1.147954e+03
1.600000e-07	-1.065095e-08	-4.490006e-09	-5.648162e+01	-1.147582e+03
1.700000e-07	-1.063761e-08	-4.484201e-09	-5.641093e+01	-1.145408e+03
1.800000e-07	-1.062368e-08	-4.474813e-09	-5.633700e+01	-1.143446e+03
1.900000e-07	-1.060864e-08	-4.475829e-09	-5.625729e+01	-1.144415e+03
2.000000e-07	-1.059245e-08	-4.476418e-09	-5.617150e+01	-1.143771e+03
2.100000e-07	-1.057567e-08	-4.476457e-09	-5.608251e+01	-1.143224e+03
2.200000e-07	-1.055832e-08	-4.484507e-09	-5.599052e+01	-1.146224e+03
2.300000e-07	-1.054012e-08	-4.489902e-09	-5.589401e+01	-1.147792e+03
2.400000e-07	-1.052121e-08	-4.481113e-09	-5.579377e+01	-1.144638e+03
2.500000e-07	-1.050179e-08	-4.473770e-09	-5.569078e+01	-1.143206e+03
2.600000e-07	-1.048168e-08	-4.473664e-09	-5.558415e+01	-1.143979e+03
2.700000e-07	-1.046083e-08	-4.468028e-09	-5.547357e+01	-1.141712e+03
2.800000e-07	-1.043934e-08	-4.466516e-09	-5.535964e+01	-1.141011e+03
2.900000e-07	-1.041706e-08	-4.476377e-09	-5.524146e+01	-1.144481e+03
3.000000e-07	-1.039392e-08	-4.480807e-09	-5.511884e+01	-1.145255e+03
3.100000e-07	-1.037025e-08	-4.482126e-09	-5.499331e+01	-1.144781e+03
3.200000e-07	-1.034603e-08	-4.492804e-09	-5.486487e+01	-1.148326e+03
3.300000e-07	-1.032097e-08	-4.497431e-09	-5.473195e+01	-1.149747e+03
3.400000e-07	-1.029498e-08	-4.490536e-09	-5.459416e+01	-1.147015e+03
3.500000e-07	-1.026817e-08	-4.487547e-09	-5.445202e+01	-1.146679e+03
3.600000e-07	-1.024059e-08	-4.484606e-09	-5.430581e+01	-1.146654e+03
3.700000e-07	-1.021237e-08	-4.475572e-09	-5.415615e+01	-1.143462e+03
3.800000e-07	-1.018349e-08	-4.473240e-09	-5.400301e+01	-1.142806e+03
3.900000e-07	-1.015386e-08	-4.473432e-09	-5.384587e+01	-1.143813e+03
4.000000e-07	-1.012350e-08	-4.467469e-09	-5.368486e+01	-1.141713e+03
4.100000e-07	-1.009243e-08	-4.466721e-09	-5.352012e+01	-1.141154e+03
4.200000e-07	-1.006071e-08	-4.468340e-09	-5.335192e+01	-1.142415e+03
4.300000e-07	-1.002841e-08	-4.464326e-09	-5.318062e+01	-1.141004e+03
4.400000e-07	-9.995387e-09	-4.462636e-09	-5.300551e+01	-1.140108e+03
4.500000e-07	-9.961424e-09	-4.458533e-09	-5.282542e+01	-1.139796e+03
4.600000e-07	-9.926513e-09	-4.452278e-09	-5.264033e+01	-1.138085e+03
4.700000e-07	-9.890862e-09	-4.454947e-09	-5.245128e+01	-1.138257e+03
4.800000e-07	-9.854615e-09	-4.456460e-09	-5.225905e+01	-1.139064e+03
4.900000e-07	-9.817785e-09	-4.451480e-09	-5.206371e+01	-1.137856e+03
5.000000e-07	-9.780299e-09	-4.450724e-09	-5.186490e+01	-1.137344e+03
5.100000e-07	-9.742073e-09	-4.448763e-09	-5.166217e+01	-1.137071e+03
5.200000e-07	-9.703143e-09	-4.443722e-09	-5.145572e+01	-1.135823e+03
5.300000e-07	-9.663599e-09	-4.444055e-09	-5.124601e+01	-1.135691e+03
5.400000e-07	-9.623475e-09	-4.441575e-09	-5.103324e+01	-1.135229e+03
5.500000e-07	-9.582676e-09	-4.434420e-09	-5.081687e+01	-1.133466e+03
5.600000e-07	-9.540984e-09	-4.435150e-09	-5.059576e+01	-1.133456e+03
5.700000e-07	-9.498309e-09	-4.437420e-09	-5.036946e+01	-1.134084e+03
5.800000e-07	-9.454814e-09	-4.432456e-09	-5.013882e+01	-1.132915e+03
5.900000e-07	-9.410690e-09	-4.428234e-09	-4.990481e+01	-1.131793e+03
6.000000e-07	-9.366018e-09	-4.425003e-09	-4.966789e+01	-1.130989e+03
6.100000e-07	-9.320761e-09	-4.419778e-09	-4.942788e+01	-1.129682e+03
6.200000e-07	-9.274862e-09	-4.418397e-09	-4.918448e+01	-1.129275e+03
6.300000e-07	-9.228312e-09	-4.419202e-09	-4.893762e+01	-1.129475e+03
6.400000e-07	-9.181151e-09	-4.415656e-09	-4.868753e+01	-1.128595e+03
6.500000e-07	-9.133371e-09	-4.411167e-09	-4.843415e+01	-1.127454e+03
6.600000e-07	-9.084864e-09	-4.408559e-09	-4.817692e+01	-1.126794e+03
6.700000e-07	-9.035460e-09	-4.405581e-09	-4.791493e+01	-1.126030e+03
6.800000e-07	-8.985091e-09	-4.401607e-09	-4.764784e+01	-1.125021e+03
6.900000e-07	-8.933831e-09	-4.396503e-09	-4.737603e+01	-1.123746e+03
7.000000e-07	-8.881788e-09	-4.391431e-09	-4.710007e+01	-1.122441e+03
7.100000e-07	-8.829048e-09	-4.389323e-09	-4.682041e+01	-1.121879e+03
7.200000e-07	-8.775673e-09	-4.388187e-09	-4.653737e+01	-1.121596e+03
7.300000e-07	-8.721698e-09	-4.385029e-09	-4.625116e+01	-1.120802e+03
7.400000e-07	-8.667191e-09	-4.380107e-09	-4.596213e+01	-1.119566e+03
7.500000e-07	-8.612186e-09	-4.374592e-09	-4.567045e+01	-1.118192e+03
7.600000e-07	-8.556652e-09	-4.369839e-09	-4.537595e+01	-1.116975e+03
7.700000e-07	-8.500555e-09	-4.366961e-09	-4.507846e+01	-1.116205e+03
7.800000e-07	-8.443835e-09	-4.363542e-09	-4.477767e+01	-1.115341e+03
7.900000e-07	-8.386428e-09	-4.357609e-09	-4.447325e+01	-1.113866e+03
8.000000e-07	-8.328286e-09	-4.351917e-09	-4.416491e+01	-1.112422e+03
8.100000e-07	-8.269397e-09	-4.347940e-09	-4.385264e+01	-1.111406e+03
8.200000e-07	-8.209806e-09	-4.343902e-09	-4.353667e+01	-1.110391e+03
8.300000e-07	-8.149604e-09	-4.339066e-09	-4.321745e+01	-1.109163e+03
8.400000e-07	-8.088865e-09	-4.333879e-09	-4.289534e+01	-1.107838e+03
8.500000e-07	-8.027608e-09	-4.328973e-09	-4.257047e+01	-1.106585e+03
8.600000e-07	-7.965854e-09	-4.324654e-09	-4.224298e+01	-1.105471e+03
8.700000e-07	-7.903604e-09	-4.319933e-09	-4.191287e+01	-1.104261e+03
8.800000e-07	-7.840870e-09	-4.313078e-09	-4.158020e+01	-1.102543e+03
8.900000e-07	-7.777690e-09	-4.304203e-09	-4.124514e+01	-1.100320e+03
9.000000e-07	-7.714016e-09	-4.296172e-09	-4.090749e+01	-1.098283e+03
9.100000e-07	-7.649747e-09	-4.290528e-09	-4.056670e+01	-1.096830e+03
9.200000e-07	-7.584850e-09	-4.286190e-09	-4.022256e+01	-1.095713e+03
9.300000e-07	-7.519366e-09	-4.281094e-09	-3.987528e+01	-1.094406e+03
9.400000e-07	-7.453271e-09	-4.274870e-09	-3.952477e+01	-1.092821e+03
9.500000e-07	-7.386540e-09	-4.268117e-09	-3.917089e+01	-1.091109e+03
9.600000e-07	-7.319222e-09	-4.260740e-09	-3.881391e+01	-1.089239e+03
9.700000e-07	-7.251363e-09	-4.252701e-09	-3.845409e+01	-1.087205e+03
9.800000e-07	-7.183019e-09	-4.244748e-09	-3.809170e+01	-1.085200e+03
9.900000e-07	-7.114254e-09	-4.237193e-09	-3.772706e+01	-1.083284e+03
1.000000e-06	-7.045046e-09	-4.230136e-09	-3.736006e+01	-1.081471e+03
1.010000e-06	-6.975356e-09	-4.223423e-09	-3.699049e+01	-1.079744e+03
1.020000e-06	-6.905199e-09	-4.216182e-09	-3.661844e+01	-1.077902e+03
1.030000e-06	-6.834618e-09	-4.207585e-09	-3.624414e+01	-1.075720e+03
1.040000e-06	-6.763628e-09	-4.197896e-09	-3.586768e+01	-1.073258e+03
1.050000e-06	-6.692170e-09	-4.187830e-09	-3.548875e+01	-1.070700e+03
1.060000e-06	-6.620184e-09	-4.177862e-09	-3.510703e+01	-1.068166e+03
1.070000e-06	-6.547677e-09	-4.168041e-09	-3.472254e+01	-1.065668e+03
1.080000e-06	-6.474644e-09	-4.158266e-09	-3.433524e+01	-1.063181e+03
1.090000e-06	-6.401041e-09	-4.148436e-09	-3.394491e+01	-1.060678e+03
1.100000e-06	-6.326870e-09	-4.138633e-09	-3.355158e+01	-1.058171e+03
1.110000e-06	-6.252125e-09	-4.128503e-09	-3.315522e+01	-1.055581e+03
1.120000e-06	-6.176829e-09	-4.117566e-09	-3.275595e+01	-1.052791e+03
1.130000e-06	-6.101050e-09	-4.105958e-09	-3.235413e+01	-1.049835e+03
1.140000e-06	-6.024819e-09	-4.093759e-09	-3.194992e+01	-1.046731e+03
1.150000e-06	-5.948157e-09	-4.080990e-09	-3.154340e+01	-1.043486e+03
1.160000e-06	-5.871090e-09	-4.067969e-09	-3.113472e+01	-1.040177e+03
1.170000e-06	-5.793620e-09	-4.054875e-09	-3.072391e+01	-1.036846e+03
1.180000e-06	-5.715702e-09	-4.041220e-09	-3.031074e+01	-1.033369e+03
1.190000e-06	-5.637290e-09	-4.027155e-09	-2.989498e+01	-1.029779e+03
1.200000e-06	-5.558364e-09	-4.013301e-09	-2.947644e+01	-1.026231e+03
1.210000e-06	-5.478928e-09	-3.999356e-09	-2.905519e+01	-1.022661e+03
1.220000e-06	-5.399008e-09	-3.984065e-09	-2.863136e+01	-1.018760e+03
1.230000e-06	-5.318632e-09	-3.967033e-09	-2.820513e+01	-1.014424e+03
1.240000e-06	-5.237829e-09	-3.948820e-09	-2.777668e+01	-1.009792e+03
1.250000e-06	-5.156606e-09	-3.930708e-09	-2.734601e+01	-1.005184e+03
1.260000e-06	-5.075023e-09	-3.913555e-09	-2.691340e+01	-1.000806e+03
1.270000e-06	-4.993143e-09	-3.896447e-09	-2.647921e+01	-9.964331e+02
1.280000e-06	-4.910961e-09	-3.878133e-09	-2.604340e+01	-9.917570e+02
1.290000e-06	-4.828510e-09	-3.858531e-09	-2.560615e+01	-9.867418e+02
1.300000e-06	-4.745813e-09	-3.837858e-09	-2.516760e+01	-9.814480e+02
1.310000e-06	-4.662856e-09	-3.816023e-09	-2.472767e+01	-9.758716e+02
1.320000e-06	-4.579638e-09	-3.793117e-09	-2.428633e+01	-9.700310e+02
1.330000e-06	-4.496138e-09	-3.769678e-09	-2.384351e+01	-9.640513e+02
1.340000e-06	-4.412327e-09	-3.746023e-09	-2.339908e+01	-9.580172e+02
1.350000e-06	-4.328228e-09	-3.721757e-09	-2.295311e+01	-9.518243e+02
1.360000e-06	-4.243843e-09	-3.696680e-09	-2.250562e+01	-9.454149e+02
1.370000e-06	-4.159167e-09	-3.670916e-09	-2.205659e+01	-9.388282e+02
1.380000e-06	-4.074213e-09	-3.644130e-09	-2.160605e+01	-9.319803e+02
1.390000e-06	-3.989014e-09	-3.615804e-09	-2.115421e+01	-9.247325e+02
1.400000e-06	-3.903597e-09	-3.586114e-09	-2.070124e+01	-9.171377e+02
1.410000e-06	-3.817948e-09	-3.556020e-09	-2.024705e+01	-9.094506e+02
1.420000e-06	-3.732049e-09	-3.525624e-09	-1.979155e+01	-9.016879e+02
1.430000e-06	-3.645919e-09	-3.494071e-09	-1.933483e+01	-8.936252e+02
1.440000e-06	-3.559573e-09	-3.460826e-09	-1.887695e+01	-8.851322e+02
1.450000e-06	-3.473005e-09	-3.426279e-09	-1.841787e+01	-8.763046e+02
1.460000e-06	-3.386214e-09	-3.390784e-09	-1.795759e+01	-8.672300e+02
1.470000e-06	-3.299200e-09	-3.354050e-09	-1.749613e+01	-8.578371e+02
1.480000e-06	-3.211969e-09	-3.316330e-09	-1.703353e+01	-8.481875e+02
1.490000e-06	-3.124525e-09	-3.277692e-09	-1.656982e+01	-8.382970e+02
1.500000e-06	-3.036855e-09	-3.237945e-09	-1.610493e+01	-8.281265e+02
1.510000e-06	-2.948926e-09	-3.197046e-09	-1.563865e+01	-8.176758e+02
1.520000e-06	-2.860755e-09	-3.154915e-09	-1.517112e+01	-8.069182e+02
1.530000e-06	-2.772369e-09	-3.110761e-09	-1.470246e+01	-7.956444e+02
1.540000e-06	-2.683790e-09	-3.064052e-09	-1.423275e+01	-7.837072e+02
1.550000e-06	-2.595028e-09	-3.015383e-09	-1.376208e+01	-7.712572e+02
1.560000e-06	-2.506072e-09	-2.965523e-09	-1.329038e+01	-7.585007e+02
1.570000e-06	-2.416946e-09	-2.914873e-09	-1.281777e+01	-7.455422e+02
1.580000e-06	-2.327665e-09	-2.862892e-09	-1.234434e+01	-7.322433e+02
1.590000e-06	-2.238225e-09	-2.808703e-09	-1.187004e+01	-7.183858e+02
1.600000e-06	-2.148605e-09	-2.752148e-09	-1.139478e+01	-7.039354e+02
1.610000e-06	-2.058810e-09	-2.693141e-09	-1.091859e+01	-6.888617e+02
1.620000e-06	-1.968854e-09	-2.631207e-09	-1.044154e+01	-6.730370e+02
1.630000e-06	-1.878750e-09	-2.565997e-09	-9.963695e+00	-6.563652e+02
1.640000e-06	-1.788483e-09	-2.498195e-09	-9.484990e+00	-6.390120e+02
1.650000e-06	-1.698035e-09	-2.428820e-09	-9.005319e+00	-6.212555e+02
1.660000e-06	-1.607429e-09	-2.357919e-09	-8.524808e+00	-6.031244e+02
1.670000e-06	-1.516705e-09	-2.285235e-09	-8.043692e+00	-5.845447e+02
1.680000e-06	-1.425897e-09	-2.210580e-09	-7.562139e+00	-5.654634e+02
1.690000e-06	-1.335032e-09	-2.133844e-09	-7.080276e+00	-5.458509e+02
1.700000e-06	-1.244091e-09	-2.054882e-09	-6.598013e+00	-5.256629e+02
1.710000e-06	-1.153047e-09	-1.973558e-09	-6.115229e+00	-5.048654e+02
1.720000e-06	-1.061924e-09	-1.890264e-09	-5.632028e+00	-4.835601e+02
1.730000e-06	-9.707455e-10	-1.805262e-09	-5.148516e+00	-4.618200e+02
1.740000e-06	-8.794946e-10	-1.718588e-09	-4.664608e+00	-4.396593e+02
1.750000e-06	-7.881477e-10	-1.630866e-09	-4.180205e+00	-4.172354e+02
1.760000e-06	-6.967053e-10	-1.542555e-09	-3.695301e+00	-3.946653e+02
1.770000e-06	-6.051710e-10	-1.453421e-09	-3.209914e+00	-3.718864e+02
1.780000e-06	-5.135853e-10	-1.363345e-09	-2.724268e+00	-3.488579e+02
1.790000e-06	-4.219497e-10	-1.272428e-09	-2.238364e+00	-3.256040e+02
1.800000e-06	-3.302507e-10	-1.180920e-09	-1.752112e+00	-3.022009e+02
1.810000e-06	-2.385522e-10	-1.089098e-09	-1.265856e+00	-2.787246e+02
1.820000e-06	-1.468531e-10	-9.969413e-10	-7.796105e-01	-2.551640e+02
1.830000e-06	-5.515988e-11	-9.043620e-10	-2.934086e-01	-2.314917e+02
1.840000e-06	3.647409e-11	-8.113136e-10	1.924767e-01	-2.076917e+02
1.850000e-06	1.280636e-10	-7.178239e-10	6.781500e-01	-1.837689e+02
1.860000e-06	2.196400e-10	-6.235640e-10	1.163764e+00	-1.596440e+02
1.870000e-06	3.112215e-10	-5.278495e-10	1.649396e+00	-1.351499e+02
1.880000e-06	4.028033e-10	-4.301487e-10	2.135030e+00	-1.101543e+02
1.890000e-06	4.943729e-10	-3.302509e-10	2.620594e+00	-8.459699e+01
1.900000e-06	5.859239e-10	-2.284005e-10	3.106072e+00	-5.853408e+01
1.910000e-06	6.774525e-10	-1.242306e-10	3.591426e+00	-3.187705e+01
1.920000e-06	7.689331e-10	-1.639127e-11	4.076527e+00	-4.280609e+00
1.930000e-06	8.603616e-10	9.592568e-11	4.561367e+00	2.446143e+01
1.940000e-06	9.517288e-10	2.124426e-10	5.045873e+00	5.427437e+01
1.950000e-06	1.042995e-09	3.327307e-10	5.529848e+00	8.505886e+01
1.960000e-06	1.134131e-09	4.565726e-10	6.013142e+00	1.167589e+02
1.970000e-06	1.225136e-09	5.840653e-10	6.495740e+00	1.493812e+02
1.980000e-06	1.316013e-09	7.151431e-10	6.977675e+00	1.829177e+02
1.990000e-06	1.406759e-09	8.490748e-10	7.458936e+00	2.171920e+02
2.000000e-06	1.497418e-09	9.847463e-10	7.939727e+00	2.519049e+02
2.010000e-06	1.588003e-09	1.120791e-09	8.420103e+00	2.867033e+02
2.020000e-06	1.678476e-09	1.256226e-09	8.899885e+00	3.213424e+02
2.030000e-06	1.768821e-09	1.389395e-09	9.378999e+00	3.553979e+02
2.040000e-06	1.859035e-09	1.518344e-09	9.857419e+00	3.883703e+02
2.050000e-06	1.949120e-09	1.642348e-09	1.033516e+01	4.200814e+02
2.060000e-06	2.039081e-09	1.761071e-09	1.081224e+01	4.504406e+02
2.070000e-06	2.128919e-09	1.874812e-09	1.128867e+01	4.795196e+02
2.080000e-06	2.218605e-09	1.984031e-09	1.176429e+01	5.074454e+02
2.090000e-06	2.308115e-09	2.088069e-09	1.223898e+01	5.340489e+02
2.100000e-06	2.397419e-09	2.186096e-09	1.271253e+01	5.591076e+02
2.110000e-06	2.486488e-09	2.278792e-09	1.318481e+01	5.828002e+02
2.120000e-06	2.575337e-09	2.367013e-09	1.365593e+01	6.053535e+02
2.130000e-06	2.663950e-09	2.450525e-09	1.412579e+01	6.267023e+02
2.140000e-06	2.752338e-09	2.529484e-09	1.459446e+01	6.468847e+02
2.150000e-06	2.840518e-09	2.604614e-09	1.506202e+01	6.660968e+02
2.160000e-06	2.928478e-09	2.676360e-09	1.552843e+01	6.844473e+02
2.170000e-06	3.016225e-09	2.745198e-09	1.599373e+01	7.020496e+02
2.180000e-06	3.103773e-09	2.811195e-09	1.645799e+01	7.189272e+02
2.190000e-06	3.191124e-09	2.873971e-09	1.692123e+01	7.349820e+02
2.200000e-06	3.278281e-09	2.933338e-09	1.738343e+01	7.501592e+02
2.210000e-06	3.365239e-09	2.989740e-09	1.784460e+01	7.645705e+02
2.220000e-06	3.451966e-09	3.043858e-09	1.830457e+01	7.783952e+02
2.230000e-06	3.538429e-09	3.095703e-09	1.876312e+01	7.916413e+02
2.240000e-06	3.624626e-09	3.145111e-09	1.922023e+01	8.042726e+02
2.250000e-06	3.710563e-09	3.192177e-09	1.967594e+01	8.163163e+02
2.260000e-06	3.796241e-09	3.237186e-09	2.013028e+01	8.278366e+02
2.270000e-06	3.881677e-09	3.280458e-09	2.058336e+01	8.389055e+02
2.280000e-06	3.966881e-09	3.322357e-09	2.103521e+01	8.496122e+02
2.290000e-06	4.051852e-09	3.363152e-09	2.148583e+01	8.600298e+02
2.300000e-06	4.136585e-09	3.402228e-09	2.193520e+01	8.700103e+02
2.310000e-06	4.221086e-09	3.439158e-09	2.238331e+01	8.794423e+02
2.320000e-06	4.305333e-09	3.474613e-09	2.283006e+01	8.884968e+02
2.330000e-06	4.389297e-09	3.508573e-09	2.327531e+01	8.971794e+02
2.340000e-06	4.472974e-09	3.540802e-09	2.371905e+01	9.054284e+02
2.350000e-06	4.556330e-09	3.571858e-09	2.416110e+01	9.133746e+02
2.360000e-06	4.639358e-09	3.602044e-09	2.460142e+01	9.210894e+02
2.370000e-06	4.722090e-09	3.631033e-09	2.504018e+01	9.284882e+02
2.380000e-06	4.804520e-09	3.658693e-09	2.547732e+01	9.355424e+02
2.390000e-06	4.886640e-09	3.685410e-09	2.591277e+01	9.423576e+02
2.400000e-06	4.968410e-09	3.711122e-09	2.634638e+01	9.489188e+02
2.410000e-06	5.049805e-09	3.735543e-09	2.677798e+01	9.551543e+02
2.420000e-06	5.130821e-09	3.758946e-09	2.720758e+01	9.611327e+02
2.430000e-06	5.211435e-09	3.781588e-09	2.763509e+01	9.669182e+02
2.440000e-06	5.291665e-09	3.803622e-09	2.806056e+01	9.725476e+02
2.450000e-06	5.371542e-09	3.824999e-09	2.848416e+01	9.780007e+02
2.460000e-06	5.451064e-09	3.845532e-09	2.890587e+01	9.832274e+02
2.470000e-06	5.530199e-09	3.864863e-09	2.932553e+01	9.881475e+02
2.480000e-06	5.608899e-09	3.883009e-09	2.974288e+01	9.927745e+02
2.490000e-06	5.687130e-09	3.900580e-09	3.015770e+01	9.972607e+02
2.500000e-06	5.764899e-09	3.917984e-09	3.057007e+01	1.001699e+03
2.510000e-06	5.842227e-09	3.934972e-09	3.098014e+01	1.006027e+03
2.520000e-06	5.919114e-09	3.950672e-09	3.138788e+01	1.010026e+03
2.530000e-06	5.995577e-09	3.965448e-09	3.179338e+01	1.013796e+03
2.540000e-06	6.071572e-09	3.980452e-09	3.219638e+01	1.017625e+03
2.550000e-06	6.147032e-09	3.995004e-09	3.259652e+01	1.021327e+03
2.560000e-06	6.221940e-09	4.008173e-09	3.299376e+01	1.024671e+03
2.570000e-06	6.296308e-09	4.020580e-09	3.338814e+01	1.027831e+03
2.580000e-06	6.370172e-09	4.032905e-09	3.377983e+01	1.030981e+03
2.590000e-06	6.443538e-09	4.045384e-09	3.416885e+01	1.034170e+03
2.600000e-06	6.516383e-09	4.057969e-09	3.455511e+01	1.037380e+03
2.610000e-06	6.588693e-09	4.070205e-09	3.493855e+01	1.040489e+03
2.620000e-06	6.660492e-09	4.081890e-09	3.531928e+01	1.043452e+03
2.630000e-06	6.731817e-09	4.093064e-09	3.569750e+01	1.046291e+03
2.640000e-06	6.802695e-09	4.103655e-09	3.607336e+01	1.048987e+03
2.650000e-06	6.873101e-09	4.113527e-09	3.644672e+01	1.051498e+03
2.660000e-06	6.942998e-09	4.122611e-09	3.681738e+01	1.053809e+03
2.670000e-06	7.012403e-09	4.131337e-09	3.718541e+01	1.056036e+03
2.680000e-06	7.081367e-09	4.140628e-09	3.755110e+01	1.058412e+03
2.690000e-06	7.149900e-09	4.150801e-09	3.791453e+01	1.061008e+03
2.700000e-06	7.217974e-09	4.161050e-09	3.827553e+01	1.063610e+03
2.710000e-06	7.285577e-09	4.170337e-09	3.863405e+01	1.065962e+03
2.720000e-06	7.352654e-09	4.178310e-09	3.898978e+01	1.067989e+03
2.730000e-06	7.419135e-09	4.185905e-09	3.934236e+01	1.069928e+03
2.740000e-06	7.485027e-09	4.194026e-09	3.969178e+01	1.072000e+03
2.750000e-06	7.550326e-09	4.202115e-09	4.003804e+01	1.074056e+03
2.760000e-06	7.615001e-09	4.209656e-09	4.038100e+01	1.075969e+03
2.770000e-06	7.679084e-09	4.217299e-09	4.072083e+01	1.077909e+03
2.780000e-06	7.742641e-09	4.225493e-09	4.105787e+01	1.079998e+03
2.790000e-06	7.805712e-09	4.233791e-09	4.139235e+01	1.082115e+03
2.800000e-06	7.868297e-09	4.241103e-09	4.172425e+01	1.083973e+03
2.810000e-06	7.930366e-09	4.247332e-09	4.205341e+01	1.085552e+03
2.820000e-06	7.991901e-09	4.253335e-09	4.237974e+01	1.087075e+03
2.830000e-06	8.052952e-09	4.259683e-09	4.270349e+01	1.088693e+03
2.840000e-06	8.113568e-09	4.266498e-09	4.302491e+01	1.090431e+03
2.850000e-06	8.173711e-09	4.273276e-09	4.334386e+01	1.092150e+03
2.860000e-06	8.233293e-09	4.279614e-09	4.365985e+01	1.093754e+03
2.870000e-06	8.292246e-09	4.285614e-09	4.397251e+01	1.095282e+03
2.880000e-06	8.350498e-09	4.291646e-09	4.428144e+01	1.096823e+03
2.890000e-06	8.408000e-09	4.297575e-09	4.458635e+01	1.098329e+03
2.900000e-06	8.464786e-09	4.303014e-09	4.488747e+01	1.099704e+03
2.910000e-06	8.520914e-09	4.307922e-09	4.518511e+01	1.100948e+03
2.920000e-06	8.576447e-09	4.312825e-09	4.547962e+01	1.102194e+03
2.930000e-06	8.631435e-09	4.317957e-09	4.577124e+01	1.103503e+03
2.940000e-06	8.685869e-09	4.323153e-09	4.605991e+01	1.104829e+03
2.950000e-06	8.739701e-09	4.328153e-09	4.634540e+01	1.106100e+03
2.960000e-06	8.792922e-09	4.332553e-09	4.662765e+01	1.107215e+03
2.970000e-06	8.845525e-09	4.336859e-09	4.690661e+01	1.108310e+03
2.980000e-06	8.897450e-09	4.341488e-09	4.718197e+01	1.109484e+03
2.990000e-06	8.948584e-09	4.346050e-09	4.745314e+01	1.110639e+03
3.000000e-06	8.998843e-09	4.350346e-09	4.771966e+01	1.111732e+03
3.010000e-06	9.048238e-09	4.354384e-09	4.798158e+01	1.112760e+03
3.020000e-06	9.096841e-09	4.358153e-09	4.823929e+01	1.113721e+03
3.030000e-06	9.144763e-09	4.362005e-09	4.849343e+01	1.114697e+03
3.040000e-06	9.192066e-09	4.366032e-09	4.874430e+01	1.115716e+03
3.050000e-06	9.238740e-09	4.369903e-09	4.899183e+01	1.116703e+03
3.060000e-06	9.284766e-09	4.373972e-09	4.923592e+01	1.117739e+03
3.070000e-06	9.330119e-09	4.378246e-09	4.947642e+01	1.118823e+03
3.080000e-06	9.374853e-09	4.382126e-09	4.971362e+01	1.119806e+03
3.090000e-06	9.419061e-09	4.385478e-09	4.994806e+01	1.120659e+03
3.100000e-06	9.462755e-09	4.388473e-09	5.017981e+01	1.121418e+03
3.110000e-06	9.505839e-09	4.391417e-09	5.040832e+01	1.122160e+03
3.120000e-06	9.548123e-09	4.394736e-09	5.063257e+01	1.123005e+03
3.130000e-06	9.589509e-09	4.398330e-09	5.085202e+01	1.123919e+03
3.140000e-06	9.630083e-09	4.401471e-09	5.106715e+01	1.124719e+03
3.150000e-06	9.669995e-09	4.404349e-09	5.127880e+01	1.125457e+03
3.160000e-06	9.709311e-09	4.407642e-09	5.148731e+01	1.126293e+03
3.170000e-06	9.747995e-09	4.410741e-09	5.169249e+01	1.127070e+03
3.180000e-06	9.785995e-09	4.413149e-09	5.189403e+01	1.127674e+03
3.190000e-06	9.823285e-09	4.415321e-09	5.209178e+01	1.128224e+03
3.200000e-06	9.859919e-09	4.417505e-09	5.228606e+01	1.128774e+03
3.210000e-06	9.895999e-09	4.419623e-09	5.247740e+01	1.129308e+03
3.220000e-06	9.931501e-09	4.422016e-09	5.266568e+01	1.129926e+03
3.230000e-06	9.966266e-09	4.424913e-09	5.285005e+01	1.130676e+03
3.240000e-06	1.000012e-08	4.427572e-09	5.302961e+01	1.131355e+03
3.250000e-06	1.003307e-08	4.429851e-09	5.320432e+01	1.131928e+03
3.260000e-06	1.006529e-08	4.431900e-09	5.337513e+01	1.132439e+03
3.270000e-06	1.009689e-08	4.433666e-09	5.354271e+01	1.132877e+03
3.280000e-06	1.012785e-08	4.435500e-09	5.370692e+01	1.133333e+03
3.290000e-06	1.015813e-08	4.437381e-09	5.386751e+01	1.133810e+03
3.300000e-06	1.018771e-08	4.439216e-09	5.402437e+01	1.134284e+03
3.310000e-06	1.021659e-08	4.441485e-09	5.417752e+01	1.134867e+03
3.320000e-06	1.024486e-08	4.444312e-09	5.432747e+01	1.135589e+03
3.330000e-06	1.027258e-08	4.446777e-09	5.447446e+01	1.136217e+03
3.340000e-06	1.029956e-08	4.448178e-09	5.461754e+01	1.136568e+03
3.350000e-06	1.032556e-08	4.448933e-09	5.475546e+01	1.136744e+03
3.360000e-06	1.035056e-08	4.449869e-09	5.488807e+01	1.136967e+03
3.370000e-06	1.037476e-08	4.451386e-09	5.501638e+01	1.137343e+03
3.380000e-06	1.039828e-08	4.453368e-09	5.514113e+01	1.137844e+03
3.390000e-06	1.042111e-08	4.455510e-09	5.526223e+01	1.138391e+03
3.400000e-06	1.044326e-08	4.457487e-09	5.537970e+01	1.138894e+03
3.410000e-06	1.046471e-08	4.459123e-09	5.549346e+01	1.139308e+03
3.420000e-06	1.048546e-08	4.460308e-09	5.560356e+01	1.139609e+03
3.430000e-06	1.050564e-08	4.461043e-09	5.571057e+01	1.139796e+03
3.440000e-06	1.052527e-08	4.461600e-09	5.581466e+01	1.139934e+03
3.450000e-06	1.054419e-08	4.462117e-09	5.591505e+01	1.140059e+03
3.460000e-06	1.056229e-08	4.462910e-09	5.601103e+01	1.140251e+03
3.470000e-06	1.057960e-08	4.464351e-09	5.610284e+01	1.140607e+03
3.480000e-06	1.059620e-08	4.466188e-09	5.619084e+01	1.141069e+03
3.490000e-06	1.061199e-08	4.467628e-09	5.627461e+01	1.141433e+03
3.500000e-06	1.062688e-08	4.468335e-09	5.635356e+01	1.141616e+03
3.510000e-06	1.064091e-08	4.468481e-09	5.642796e+01	1.141657e+03
3.520000e-06	1.065417e-08	4.468531e-09	5.649829e+01	1.141670e+03
3.530000e-06	1.066669e-08	4.469047e-09	5.656464e+01	1.141801e+03
3.540000e-06	1.067846e-08	4.469714e-09	5.662707e+01	1.141968e+03
3.550000e-06	1.068934e-08	4.470066e-09	5.668478e+01	1.142045e+03
3.560000e-06	1.069913e-08	4.470357e-09	5.673671e+01	1.142105e+03
3.570000e-06	1.070791e-08	4.471201e-09	5.678328e+01	1.142312e+03
3.580000e-06	1.071594e-08	4.472321e-09	5.682586e+01	1.142599e+03
3.590000e-06	1.072331e-08	4.472714e-09	5.686497e+01	1.142709e+03
3.600000e-06	1.072996e-08	4.472503e-09	5.690030e+01	1.142665e+03
3.610000e-06	1.073587e-08	4.472338e-09	5.693163e+01	1.142627e+03
3.620000e-06	1.074100e-08	4.472219e-09	5.695886e+01	1.142593e+03
3.630000e-06	1.074545e-08	4.472379e-09	5.698250e+01	1.142619e+03
3.640000e-06	1.074935e-08	4.472508e-09	5.700323e+01	1.142636e+03
3.650000e-06	1.075261e-08	4.472041e-09	5.702048e+01	1.142511e+03
3.660000e-06	1.075491e-08	4.471706e-09	5.703272e+01	1.142425e+03
3.670000e-06	1.075616e-08	4.471930e-09	5.703934e+01	1.142487e+03
3.680000e-06	1.075655e-08	4.472378e-09	5.704143e+01	1.142612e+03
3.690000e-06	1.075632e-08	4.472575e-09	5.704020e+01	1.142669e+03
3.700000e-06	1.075546e-08	4.472094e-09	5.703565e+01	1.142549e+03
3.710000e-06	1.075390e-08	4.471564e-09	5.702745e+01	1.142412e+03
3.720000e-06	1.075166e-08	4.471535e-09	5.701555e+01	1.142397e+03
3.730000e-06	1.074870e-08	4.471602e-09	5.699990e+01	1.142409e+03
3.740000e-06	1.074512e-08	4.471453e-09	5.698095e+01	1.142371e+03
3.750000e-06	1.074106e-08	4.471236e-09	5.695941e+01	1.142310e+03
3.760000e-06	1.073645e-08	4.470927e-09	5.693497e+01	1.142248e+03
3.770000e-06	1.073101e-08	4.473564e-09	5.690612e+01	1.142963e+03
3.780000e-06	1.072441e-08	4.478667e-09	5.687112e+01	1.144152e+03
3.790000e-06	1.071646e-08	4.479237e-09	5.682903e+01	1.144183e+03
3.800000e-06	1.070719e-08	4.467960e-09	5.677989e+01	1.141571e+03
3.810000e-06	1.069698e-08	4.456181e-09	5.672575e+01	1.138871e+03
3.820000e-06	1.068651e-08	4.456793e-09	5.667024e+01	1.138713e+03
3.830000e-06	1.067591e-08	4.461060e-09	5.661399e+01	1.139221e+03
3.840000e-06	1.066454e-08	4.461464e-09	5.655368e+01	1.139593e+03
3.850000e-06	1.065212e-08	4.467524e-09	5.648781e+01	1.141879e+03
3.860000e-06	1.063901e-08	4.475447e-09	5.641829e+01	1.143452e+03
3.870000e-06	1.062522e-08	4.473221e-09	5.634512e+01	1.142147e+03
3.880000e-06	1.061032e-08	4.470426e-09	5.626612e+01	1.142206e+03
3.890000e-06	1.059441e-08	4.468260e-09	5.618179e+01	1.142294e+03
3.900000e-06	1.057795e-08	4.462114e-09	5.609448e+01	1.139833e+03
3.910000e-06	1.056088e-08	4.461365e-09	5.600393e+01	1.139323e+03
3.920000e-06	1.054296e-08	4.472198e-09	5.590893e+01	1.143094e+03
3.930000e-06	1.052431e-08	4.478303e-09	5.581003e+01	1.144536e+03
3.940000e-06	1.050502e-08	4.474855e-09	5.570776e+01	1.142763e+03
3.950000e-06	1.048500e-08	4.474329e-09	5.560159e+01	1.143302e+03
3.960000e-06	1.046418e-08	4.468661e-09	5.549115e+01	1.142593e+03
3.970000e-06	1.044248e-08	4.456633e-09	5.537606e+01	1.138635e+03
3.980000e-06	1.041980e-08	4.458197e-09	5.525576e+01	1.138882e+03
3.990000e-06	1.039625e-08	4.468629e-09	5.513089e+01	1.142561e+03
4.000000e-06	1.037204e-08	4.470398e-09	5.500257e+01	1.142529e+03
4.010000e-06	1.034716e-08	4.477053e-09	5.487064e+01	1.143462e+03
4.020000e-06	1.032154e-08	4.494245e-09	5.473480e+01	1.148754e+03
4.030000e-06	1.029524e-08	4.499718e-09	5.459531e+01	1.150257e+03
4.040000e-06	1.026823e-08	4.499962e-09	5.445212e+01	1.149328e+03
4.050000e-06	1.024060e-08	4.508248e-09	5.430561e+01	1.152045e+03
4.060000e-06	1.021243e-08	4.505020e-09	5.415624e+01	1.151805e+03
4.070000e-06	1.018354e-08	4.495467e-09	5.400297e+01	1.148381e+03
4.080000e-06	1.015364e-08	4.498078e-09	5.384444e+01	1.149255e+03
4.090000e-06	1.012273e-08	4.494259e-09	5.368052e+01	1.149048e+03
4.100000e-06	1.009095e-08	4.483862e-09	5.351200e+01	1.145569e+03
4.110000e-06	1.005847e-08	4.487597e-09	5.333975e+01	1.146644e+03
4.120000e-06	1.002535e-08	4.488924e-09	5.316413e+01	1.147813e+03
4.130000e-06	9.991591e-09	4.484922e-09	5.298510e+01	1.146051e+03
4.140000e-06	9.957185e-09	4.491125e-09	5.280267e+01	1.147619e+03
4.150000e-06	9.922165e-09	4.486776e-09	5.261697e+01	1.147280e+03
4.160000e-06	9.886556e-09	4.475068e-09	5.242815e+01	1.143761e+03
4.170000e-06	9.850354e-09	4.479130e-09	5.223617e+01	1.144708e+03
4.180000e-06	9.813429e-09	4.479227e-09	5.204034e+01	1.145251e+03
4.190000e-06	9.775599e-09	4.473038e-09	5.183971e+01	1.143254e+03
4.200000e-06	9.736814e-09	4.474659e-09	5.163402e+01	1.143621e+03
4.210000e-06	9.697237e-09	4.470089e-09	5.142414e+01	1.142845e+03
4.220000e-06	9.657036e-09	4.465550e-09	5.121095e+01	1.141387e+03
4.230000e-06	9.616184e-09	4.470727e-09	5.099433e+01	1.142629e+03
4.240000e-06	9.574605e-09	4.466318e-09	5.077385e+01	1.141775e+03
4.250000e-06	9.532308e-09	4.455791e-09	5.054958e+01	1.138954e+03
4.260000e-06	9.489386e-09	4.454741e-09	5.032199e+01	1.138641e+03
4.270000e-06	9.445934e-09	4.453295e-09	5.009157e+01	1.138410e+03
4.280000e-06	9.401979e-09	4.450434e-09	4.985851e+01	1.137610e+03
4.290000e-06	9.357498e-09	4.451411e-09	4.962268e+01	1.137823e+03
4.300000e-06	9.312407e-09	4.447034e-09	4.938358e+01	1.136791e+03
4.310000e-06	9.266611e-09	4.438698e-09	4.914074e+01	1.134665e+03
4.320000e-06	9.220118e-09	4.436386e-09	4.889422e+01	1.134031e+03
4.330000e-06	9.172971e-09	4.435940e-09	4.864422e+01	1.133906e+03
4.340000e-06	9.125126e-09	4.431974e-09	4.839049e+01	1.132897e+03
4.350000e-06	9.076540e-09	4.427029e-09	4.813283e+01	1.131654e+03
4.360000e-06	9.027210e-09	4.423150e-09	4.787124e+01	1.130693e+03
4.370000e-06	8.977153e-09	4.420370e-09	4.760581e+01	1.129984e+03
4.380000e-06	8.926393e-09	4.417912e-09	4.733665e+01	1.129353e+03
4.390000e-06	8.874933e-09	4.413267e-09	4.706377e+01	1.128187e+03
4.400000e-06	8.822769e-09	4.407506e-09	4.678717e+01	1.126703e+03
4.410000e-06	8.769851e-09	4.403330e-09	4.650655e+01	1.125621e+03
4.420000e-06	8.716114e-09	4.400129e-09	4.622159e+01	1.124813e+03
4.430000e-06	8.661582e-09	4.397532e-09	4.593241e+01	1.124128e+03
4.440000e-06	8.606339e-09	4.393699e-09	4.563946e+01	1.123158e+03
4.450000e-06	8.550466e-09	4.386868e-09	4.534320e+01	1.121488e+03
4.460000e-06	8.494035e-09	4.380444e-09	4.504396e+01	1.119865e+03
4.470000e-06	8.437057e-09	4.377124e-09	4.474181e+01	1.118981e+03
4.480000e-06	8.379488e-09	4.374099e-09	4.443652e+01	1.118208e+03
4.490000e-06	8.321299e-09	4.369083e-09	4.412797e+01	1.116944e+03
4.500000e-06	8.262528e-09	4.363154e-09	4.381634e+01	1.115414e+03
4.510000e-06	8.203240e-09	4.358130e-09	4.350196e+01	1.114131e+03
4.520000e-06	8.143420e-09	4.353372e-09	4.318474e+01	1.112936e+03
4.530000e-06	8.083025e-09	4.348269e-09	4.286448e+01	1.111626e+03
4.540000e-06	8.022000e-09	4.342786e-09	4.254088e+01	1.110232e+03
4.550000e-06	7.960284e-09	4.336258e-09	4.221361e+01	1.108608e+03
4.560000e-06	7.897920e-09	4.329847e-09	4.188293e+01	1.106976e+03
4.570000e-06	7.834961e-09	4.324895e-09	4.154911e+01	1.105688e+03
4.580000e-06	7.771421e-09	4.319618e-09	4.121220e+01	1.104341e+03
4.590000e-06	7.707326e-09	4.312555e-09	4.087234e+01	1.102553e+03
4.600000e-06	7.642709e-09	4.304936e-09	4.052969e+01	1.100612e+03
4.610000e-06	7.577594e-09	4.298365e-09	4.018440e+01	1.098931e+03
4.620000e-06	7.511955e-09	4.292767e-09	3.983635e+01	1.097496e+03
4.630000e-06	7.445783e-09	4.286808e-09	3.948548e+01	1.095974e+03
4.640000e-06	7.379102e-09	4.279289e-09	3.913190e+01	1.094075e+03
4.650000e-06	7.311939e-09	4.270544e-09	3.877575e+01	1.091870e+03
4.660000e-06	7.244309e-09	4.261841e-09	3.841712e+01	1.089655e+03
4.670000e-06	7.176198e-09	4.253421e-09	3.805592e+01	1.087498e+03
4.680000e-06	7.107569e-09	4.244707e-09	3.769201e+01	1.085274e+03
4.690000e-06	7.038396e-09	4.235981e-09	3.732522e+01	1.083052e+03
4.700000e-06	6.968693e-09	4.228443e-09	3.695559e+01	1.081128e+03
4.710000e-06	6.898452e-09	4.221842e-09	3.658310e+01	1.079444e+03
4.720000e-06	6.827672e-09	4.214421e-09	3.620775e+01	1.077549e+03
4.730000e-06	6.756364e-09	4.204869e-09	3.582960e+01	1.075111e+03
4.740000e-06	6.684522e-09	4.193266e-09	3.544864e+01	1.072174e+03
4.750000e-06	6.612177e-09	4.181144e-09	3.506502e+01	1.069116e+03
4.760000e-06	6.539372e-09	4.170522e-09	3.467894e+01	1.066416e+03
4.770000e-06	6.466134e-09	4.161330e-09	3.429057e+01	1.064054e+03
4.780000e-06	6.392491e-09	4.151777e-09	3.390006e+01	1.061601e+03
4.790000e-06	6.318423e-09	4.141046e-09	3.350730e+01	1.058859e+03
4.800000e-06	6.243916e-09	4.129864e-09	3.311221e+01	1.056006e+03
4.810000e-06	6.168988e-09	4.118953e-09	3.271488e+01	1.053225e+03
4.820000e-06	6.093631e-09	4.107673e-09	3.231526e+01	1.050354e+03
4.830000e-06	6.017795e-09	4.094878e-09	3.191310e+01	1.047108e+03
4.840000e-06	5.941474e-09	4.080912e-09	3.150840e+01	1.043563e+03
4.850000e-06	5.864683e-09	4.067056e-09	3.110119e+01	1.040033e+03
4.860000e-06	5.787379e-09	4.054075e-09	3.069124e+01	1.036713e+03
4.870000e-06	5.709574e-09	4.041155e-09	3.027862e+01	1.033404e+03
4.880000e-06	5.631305e-09	4.027115e-09	2.986354e+01	1.029815e+03
4.890000e-06	5.552549e-09	4.011924e-09	2.944589e+01	1.025947e+03
4.900000e-06	5.473288e-09	3.996265e-09	2.902559e+01	1.021970e+03
4.910000e-06	5.393546e-09	3.980577e-09	2.860273e+01	1.017976e+03
4.920000e-06	5.313374e-09	3.964429e-09	2.817759e+01	1.013852e+03
4.930000e-06	5.232838e-09	3.946941e-09	2.775051e+01	1.009388e+03
4.940000e-06	5.151990e-09	3.928115e-09	2.732177e+01	1.004588e+03
4.950000e-06	5.070846e-09	3.909476e-09	2.689145e+01	9.998341e+02
4.960000e-06	4.989385e-09	3.891726e-09	2.645946e+01	9.952993e+02
4.970000e-06	4.907600e-09	3.873656e-09	2.602576e+01	9.906840e+02
4.980000e-06	4.825512e-09	3.854321e-09	2.559046e+01	9.857542e+02
4.990000e-06	4.743139e-09	3.833690e-09	2.515365e+01	9.804947e+02
5.000000e-06	4.660488e-09	3.812138e-09	2.471538e+01	9.749897e+02
5.010000e-06	4.577550e-09	3.790362e-09	2.427556e+01	9.694221e+02
5.020000e-06	4.494326e-09	3.768255e-09	2.383422e+01	9.637717e+02
5.030000e-06	4.410829e-09	3.745069e-09	2.339143e+01	9.578520e+02
5.040000e-06	4.327025e-09	3.720358e-09	2.294704e+01	9.515471e+02
5.050000e-06	4.242880e-09	3.694827e-09	2.250085e+01	9.450255e+02
5.060000e-06	4.158360e-09	3.669460e-09	2.205267e+01	9.385334e+02
5.070000e-06	4.073467e-09	3.643370e-09	2.160251e+01	9.318544e+02
5.080000e-06	3.988262e-09	3.615121e-09	2.115069e+01	9.246296e+02
5.090000e-06	3.902789e-09	3.585280e-09	2.069743e+01	9.170015e+02
5.100000e-06	3.817068e-09	3.555182e-09	2.024287e+01	9.093052e+02
5.110000e-06	3.731111e-09	3.524919e-09	1.978704e+01	9.015607e+02
5.120000e-06	3.644890e-09	3.493581e-09	1.932979e+01	8.935450e+02
5.130000e-06	3.558376e-09	3.460746e-09	1.887101e+01	8.851536e+02
5.140000e-06	3.471576e-09	3.426361e-09	1.841070e+01	8.763635e+02
5.150000e-06	3.384492e-09	3.390601e-09	1.794890e+01	8.672152e+02
5.160000e-06	3.297125e-09	3.354069e-09	1.748562e+01	8.578669e+02
5.170000e-06	3.209473e-09	3.316748e-09	1.702081e+01	8.483255e+02
5.180000e-06	3.121551e-09	3.278235e-09	1.655460e+01	8.384898e+02
5.190000e-06	3.033380e-09	3.238347e-09	1.608706e+01	8.283028e+02
5.200000e-06	2.944972e-09	3.197482e-09	1.561826e+01	8.178605e+02
5.210000e-06	2.856376e-09	3.155749e-09	1.514844e+01	8.071836e+02
5.220000e-06	2.767617e-09	3.112419e-09	1.467775e+01	7.960916e+02
5.230000e-06	2.678697e-09	3.066949e-09	1.420620e+01	7.844626e+02
5.240000e-06	2.589640e-09	3.019136e-09	1.373395e+01	7.722351e+02
5.250000e-06	2.500446e-09	2.969927e-09	1.326097e+01	7.596433e+02
5.260000e-06	2.411104e-09	2.919696e-09	1.278720e+01	7.467968e+02
5.270000e-06	2.321619e-09	2.867233e-09	1.231266e+01	7.333871e+02
5.280000e-06	2.231977e-09	2.812320e-09	1.183731e+01	7.193529e+02
5.290000e-06	2.142189e-09	2.755320e-09	1.136118e+01	7.047823e+02
5.300000e-06	2.052260e-09	2.696104e-09	1.088430e+01	6.896343e+02
5.310000e-06	1.962175e-09	2.634820e-09	1.040659e+01	6.739526e+02
5.320000e-06	1.871920e-09	2.571403e-09	9.927984e+00	6.577312e+02
5.330000e-06	1.781512e-09	2.505342e-09	9.448568e+00	6.408372e+02
5.340000e-06	1.690986e-09	2.436841e-09	8.968497e+00	6.233215e+02
5.350000e-06	1.600376e-09	2.366287e-09	8.487979e+00	6.052818e+02
5.360000e-06	1.509710e-09	2.293521e-09	8.007182e+00	5.866752e+02
5.370000e-06	1.418985e-09	2.217826e-09	7.526065e+00	5.673198e+02
5.380000e-06	1.328201e-09	2.139470e-09	7.044638e+00	5.472861e+02
5.390000e-06	1.237365e-09	2.059888e-09	6.562921e+00	5.269394e+02
5.400000e-06	1.146466e-09	1.979421e-09	6.080867e+00	5.063700e+02
5.410000e-06	1.055480e-09	1.897255e-09	5.598369e+00	4.853672e+02
5.420000e-06	9.644235e-10	1.813032e-09	5.115487e+00	4.638393e+02
5.430000e-06	8.733167e-10	1.727008e-09	4.632335e+00	4.418522e+02
5.440000e-06	7.821668e-10	1.639681e-09	4.148949e+00	4.195309e+02
5.450000e-06	6.909664e-10	1.551434e-09	3.665305e+00	3.969703e+02
5.460000e-06	5.996917e-10	1.462346e-09	3.181288e+00	3.741849e+02
5.470000e-06	5.083574e-10	1.372452e-09	2.696956e+00	3.511935e+02
5.480000e-06	4.169827e-10	1.281646e-09	2.212401e+00	3.279785e+02
5.490000e-06	3.255826e-10	1.190175e-09	1.727709e+00	3.045926e+02
5.500000e-06	2.341689e-10	1.098479e-09	1.242929e+00	2.811409e+02
5.510000e-06	1.427619e-10	1.006328e-09	7.581773e-01	2.575714e+02
5.520000e-06	5.137653e-11	9.132700e-10	2.735554e-01	2.337700e+02
5.530000e-06	-3.999365e-11	8.197948e-10	-2.109756e-01	2.098627e+02
5.540000e-06	-1.313463e-10	7.263946e-10	-6.954302e-01	1.859778e+02
5.550000e-06	-2.226982e-10	6.324245e-10	-1.179903e+00	1.619428e+02
5.560000e-06	-3.140528e-10	5.368612e-10	-1.664374e+00	1.374931e+02
5.570000e-06	-4.053876e-10	4.394066e-10	-2.148723e+00	1.125570e+02
5.580000e-06	-4.966897e-10	3.404315e-10	-2.632914e+00	8.722955e+01
5.590000e-06	-5.879637e-10	2.396671e-10	-3.116952e+00	6.144687e+01
5.600000e-06	-6.792172e-10	1.363804e-10	-3.600880e+00	3.501886e+01
5.610000e-06	-7.704209e-10	3.012270e-11	-4.084558e+00	7.831827e+00
5.620000e-06	-8.615586e-10	-8.020249e-11	-4.567882e+00	-2.039387e+01
5.630000e-06	-9.526325e-10	-1.950706e-10	-5.050854e+00	-4.978656e+01
5.640000e-06	-1.043637e-09	-3.137593e-10	-5.533444e+00	-8.015778e+01
5.650000e-06	-1.134570e-09	-4.363255e-10	-6.015658e+00	-1.115262e+02
5.660000e-06	-1.225411e-09	-5.631830e-10	-6.497395e+00	-1.440064e+02
5.670000e-06	-1.316168e-09	-6.936132e-10	-6.978685e+00	-1.773995e+02
5.680000e-06	-1.406839e-09	-8.264518e-10	-7.459532e+00	-2.113917e+02
5.690000e-06	-1.497414e-09	-9.607829e-10	-7.939870e+00	-2.457512e+02
5.700000e-06	-1.587900e-09	-1.096105e-09	-8.419724e+00	-2.803537e+02
5.710000e-06	-1.678296e-09	-1.231474e-09	-8.899100e+00	-3.149697e+02
5.720000e-06	-1.768569e-09	-1.365038e-09	-9.377830e+00	-3.491379e+02
5.730000e-06	-1.858726e-09	-1.495404e-09	-9.855938e+00	-3.824913e+02
5.740000e-06	-1.948778e-09	-1.621247e-09	-1.033347e+01	-4.146800e+02
5.750000e-06	-2.038710e-09	-1.741569e-09	-1.081036e+01	-4.454526e+02
5.760000e-06	-2.128539e-09	-1.856708e-09	-1.128668e+01	-4.748935e+02
5.770000e-06	-2.218239e-09	-1.966962e-09	-1.176233e+01	-5.030758e+02
5.780000e-06	-2.307775e-09	-2.071767e-09	-1.223713e+01	-5.298616e+02
5.790000e-06	-2.397115e-09	-2.170724e-09	-1.271090e+01	-5.551520e+02
5.800000e-06	-2.486256e-09	-2.264243e-09	-1.318359e+01	-5.790554e+02
5.810000e-06	-2.575230e-09	-2.353306e-09	-1.365540e+01	-6.018325e+02
5.820000e-06	-2.664062e-09	-2.438414e-09	-1.412647e+01	-6.236032e+02
5.830000e-06	-2.752747e-09	-2.519389e-09	-1.459676e+01	-6.443132e+02
5.840000e-06	-2.841266e-09	-2.596098e-09	-1.506616e+01	-6.639311e+02
5.850000e-06	-2.929596e-09	-2.668780e-09	-1.553458e+01	-6.825120e+02
5.860000e-06	-3.017732e-09	-2.737924e-09	-1.600198e+01	-7.001835e+02
5.870000e-06	-3.105660e-09	-2.804016e-09	-1.646826e+01	-7.170846e+02
5.880000e-06	-3.193343e-09	-2.867337e-09	-1.693325e+01	-7.332843e+02
5.890000e-06	-3.280764e-09	-2.927398e-09	-1.739687e+01	-7.486478e+02
5.900000e-06	-3.367930e-09	-2.984071e-09	-1.785913e+01	-7.631425e+02
5.910000e-06	-3.454836e-09	-3.038642e-09	-1.832001e+01	-7.770997e+02
5.920000e-06	-3.541460e-09	-3.091566e-09	-1.877939e+01	-7.906293e+02
5.930000e-06	-3.627773e-09	-3.142247e-09	-1.923710e+01	-8.035817e+02
5.940000e-06	-3.713779e-09	-3.190549e-09	-1.969320e+01	-8.159261e+02
5.950000e-06	-3.799488e-09	-3.236204e-09	-2.014770e+01	-8.275943e+02
5.960000e-06	-3.884906e-09	-3.279294e-09	-2.060064e+01	-8.386132e+02
5.970000e-06	-3.970034e-09	-3.321013e-09	-2.105205e+01	-8.492844e+02
5.980000e-06	-4.054863e-09	-3.362007e-09	-2.150186e+01	-8.597671e+02
5.990000e-06	-4.139389e-09	-3.401533e-09	-2.195008e+01	-8.698702e+02
6.000000e-06	-4.223598e-09	-3.439042e-09	-2.239662e+01	-8.794544e+02
6.010000e-06	-4.307497e-09	-3.474962e-09	-2.284151e+01	-8.886293e+02
6.020000e-06	-4.391099e-09	-3.509891e-09	-2.328486e+01	-8.975460e+02
6.030000e-06	-4.474387e-09	-3.543639e-09	-2.372656e+01	-9.061635e+02
6.040000e-06	-4.557370e-09	-3.575529e-09	-2.416663e+01	-9.143133e+02
6.050000e-06	-4.640063e-09	-3.605437e-09	-2.460516e+01	-9.219559e+02
6.060000e-06	-4.722469e-09	-3.634014e-09	-2.504217e+01	-9.292575e+02
6.070000e-06	-4.804561e-09	-3.662032e-09	-2.547749e+01	-9.364166e+02
6.080000e-06	-4.886342e-09	-3.689238e-09	-2.591117e+01	-9.433682e+02
6.090000e-06	-4.967806e-09	-3.714807e-09	-2.634319e+01	-9.498963e+02
6.100000e-06	-5.048936e-09	-3.738736e-09	-2.677345e+01	-9.559980e+02
6.110000e-06	-5.129759e-09	-3.761806e-09	-2.720207e+01	-9.618825e+02
6.120000e-06	-5.210284e-09	-3.784444e-09	-2.762908e+01	-9.676618e+02
6.130000e-06	-5.290480e-09	-3.806451e-09	-2.805434e+01	-9.732819e+02
6.140000e-06	-5.370271e-09	-3.827445e-09	-2.847747e+01	-9.786444e+02
6.150000e-06	-5.449609e-09	-3.847255e-09	-2.889823e+01	-9.837009e+02
6.160000e-06	-5.528479e-09	-3.866541e-09	-2.931650e+01	-9.886164e+02
6.170000e-06	-5.606878e-09	-3.885858e-09	-2.973227e+01	-9.935366e+02
6.180000e-06	-5.684802e-09	-3.904654e-09	-3.014549e+01	-9.983253e+02
6.190000e-06	-5.762221e-09	-3.922242e-09	-3.055603e+01	-1.002808e+03
6.200000e-06	-5.839095e-09	-3.938747e-09	-3.096368e+01	-1.007012e+03
6.210000e-06	-5.915439e-09	-3.955059e-09	-3.136850e+01	-1.011170e+03
6.220000e-06	-5.991284e-09	-3.971538e-09	-3.177069e+01	-1.015377e+03
6.230000e-06	-6.066660e-09	-3.987327e-09	-3.217043e+01	-1.019407e+03
6.240000e-06	-6.141621e-09	-4.001786e-09	-3.256797e+01	-1.023089e+03
6.250000e-06	-6.216179e-09	-4.015243e-09	-3.296335e+01	-1.026507e+03
6.260000e-06	-6.290301e-09	-4.028418e-09	-3.335643e+01	-1.029851e+03
6.270000e-06	-6.363984e-09	-4.041475e-09	-3.374718e+01	-1.033172e+03
6.280000e-06	-6.437259e-09	-4.054267e-09	-3.413576e+01	-1.036431e+03
6.290000e-06	-6.510148e-09	-4.066544e-09	-3.452229e+01	-1.039559e+03
6.300000e-06	-6.582656e-09	-4.077994e-09	-3.490679e+01	-1.042474e+03
6.310000e-06	-6.654751e-09	-4.089079e-09	-3.528912e+01	-1.045292e+03
6.320000e-06	-6.726374e-09	-4.100234e-09	-3.566894e+01	-1.048128e+03
6.330000e-06	-6.797461e-09	-4.110955e-09	-3.604593e+01	-1.050852e+03
6.340000e-06	-6.867978e-09	-4.120834e-09	-3.641989e+01	-1.053364e+03
6.350000e-06	-6.937933e-09	-4.130198e-09	-3.679088e+01	-1.055744e+03
6.360000e-06	-7.007329e-09	-4.139710e-09	-3.715886e+01	-1.058163e+03
6.370000e-06	-7.076182e-09	-4.149765e-09	-3.752394e+01	-1.060724e+03
6.380000e-06	-7.144514e-09	-4.159802e-09	-3.788627e+01	-1.063283e+03
6.390000e-06	-7.212342e-09	-4.168979e-09	-3.824597e+01	-1.065619e+03
6.400000e-06	-7.279712e-09	-4.177472e-09	-3.860326e+01	-1.067774e+03
6.410000e-06	-7.346653e-09	-4.185794e-09	-3.895826e+01	-1.069883e+03
6.420000e-06	-7.413146e-09	-4.193954e-09	-3.931086e+01	-1.071955e+03
6.430000e-06	-7.479128e-09	-4.201865e-09	-3.966077e+01	-1.073967e+03
6.440000e-06	-7.544574e-09	-4.209505e-09	-4.000782e+01	-1.075908e+03
6.450000e-06	-7.609518e-09	-4.216791e-09	-4.035219e+01	-1.077761e+03
6.460000e-06	-7.673968e-09	-4.224077e-09	-4.069395e+01	-1.079622e+03
6.470000e-06	-7.737902e-09	-4.231814e-09	-4.103299e+01	-1.081594e+03
6.480000e-06	-7.801286e-09	-4.239414e-09	-4.136913e+01	-1.083528e+03
6.490000e-06	-7.864048e-09	-4.246077e-09	-4.170197e+01	-1.085220e+03
6.500000e-06	-7.926157e-09	-4.252024e-09	-4.203136e+01	-1.086727e+03
6.510000e-06	-7.987622e-09	-4.258283e-09	-4.235733e+01	-1.088313e+03
6.520000e-06	-8.048468e-09	-4.265192e-09	-4.268001e+01	-1.090069e+03
6.530000e-06	-8.108734e-09	-4.271762e-09	-4.299959e+01	-1.091750e+03
6.540000e-06	-8.168444e-09	-4.277567e-09	-4.331625e+01	-1.093237e+03
6.550000e-06	-8.227641e-09	-4.283078e-09	-4.363018e+01	-1.094643e+03
6.560000e-06	-8.286319e-09	-4.288401e-09	-4.394136e+01	-1.095994e+03
6.570000e-06	-8.344420e-09	-4.293891e-09	-4.424947e+01	-1.097385e+03
6.580000e-06	-8.401918e-09	-4.300004e-09	-4.455441e+01	-1.098944e+03
6.590000e-06	-8.458838e-09	-4.305981e-09	-4.485626e+01	-1.100469e+03
6.600000e-06	-8.515207e-09	-4.311234e-09	-4.515518e+01	-1.101806e+03
6.610000e-06	-8.571009e-09	-4.316504e-09	-4.545112e+01	-1.103145e+03
6.620000e-06	-8.626154e-09	-4.322119e-09	-4.574357e+01	-1.104573e+03
6.630000e-06	-8.680520e-09	-4.327509e-09	-4.603187e+01	-1.105943e+03
6.640000e-06	-8.734074e-09	-4.332398e-09	-4.631587e+01	-1.107185e+03
6.650000e-06	-8.786864e-09	-4.336764e-09	-4.659583e+01	-1.108295e+03
6.660000e-06	-8.838932e-09	-4.341008e-09	-4.687196e+01	-1.109377e+03
6.670000e-06	-8.890321e-09	-4.345632e-09	-4.714450e+01	-1.110563e+03
6.680000e-06	-8.941072e-09	-4.350539e-09	-4.741364e+01	-1.111821e+03
6.690000e-06	-8.991138e-09	-4.355280e-09	-4.767913e+01	-1.113024e+03
6.700000e-06	-9.040406e-09	-4.359650e-09	-4.794041e+01	-1.114126e+03
6.710000e-06	-9.088793e-09	-4.363931e-09	-4.819702e+01	-1.115205e+03
6.720000e-06	-9.136331e-09	-4.368163e-09	-4.844910e+01	-1.116272e+03
6.730000e-06	-9.183165e-09	-4.372361e-09	-4.869742e+01	-1.117337e+03
6.740000e-06	-9.229404e-09	-4.376368e-09	-4.894260e+01	-1.118362e+03
6.750000e-06	-9.275065e-09	-4.379979e-09	-4.918475e+01	-1.119290e+03
6.760000e-06	-9.320157e-09	-4.383561e-09	-4.942387e+01	-1.120215e+03
6.770000e-06	-9.364701e-09	-4.387819e-09	-4.966009e+01	-1.121310e+03
6.780000e-06	-9.408717e-09	-4.392266e-09	-4.989350e+01	-1.122439e+03
6.790000e-06	-9.452200e-09	-4.396037e-09	-5.012408e+01	-1.123382e+03
6.800000e-06	-9.495111e-09	-4.399401e-09	-5.035164e+01	-1.124225e+03
6.810000e-06	-9.537406e-09	-4.402612e-09	-5.057594e+01	-1.125044e+03
6.820000e-06	-9.579073e-09	-4.405952e-09	-5.079692e+01	-1.125900e+03
6.830000e-06	-9.620118e-09	-4.409687e-09	-5.101458e+01	-1.126855e+03
6.840000e-06	-9.660546e-09	-4.413008e-09	-5.122895e+01	-1.127705e+03
6.850000e-06	-9.700394e-09	-4.415561e-09	-5.144025e+01	-1.128358e+03
6.860000e-06	-9.739562e-09	-4.418128e-09	-5.164797e+01	-1.129011e+03
6.870000e-06	-9.777856e-09	-4.421244e-09	-5.185108e+01	-1.129803e+03
6.880000e-06	-9.815235e-09	-4.424963e-09	-5.204931e+01	-1.130743e+03
6.890000e-06	-9.851818e-09	-4.428532e-09	-5.224330e+01	-1.131643e+03
6.900000e-06	-9.887753e-09	-4.431151e-09	-5.243386e+01	-1.132303e+03
6.910000e-06	-9.923078e-09	-4.433430e-09	-5.262118e+01	-1.132881e+03
6.920000e-06	-9.957764e-09	-4.435964e-09	-5.280512e+01	-1.133526e+03
6.930000e-06	-9.991763e-09	-4.438619e-09	-5.298544e+01	-1.134198e+03
6.940000e-06	-1.002507e-08	-4.441419e-09	-5.316209e+01	-1.134908e+03
6.950000e-06	-1.005774e-08	-4.444383e-09	-5.333536e+01	-1.135667e+03
6.960000e-06	-1.008984e-08	-4.447244e-09	-5.350554e+01	-1.136401e+03
6.970000e-06	-1.012126e-08	-4.449678e-09	-5.367220e+01	-1.137021e+03
6.980000e-06	-1.015181e-08	-4.451809e-09	-5.383420e+01	-1.137557e+03
6.990000e-06	-1.018137e-08	-4.453855e-09	-5.399093e+01	-1.138068e+03
7.000000e-06	-1.021004e-08	-4.455763e-09	-5.414298e+01	-1.138547e+03
7.010000e-06	-1.023804e-08	-4.457608e-09	-5.429150e+01	-1.139016e+03
7.020000e-06	-1.026543e-08	-4.459789e-09	-5.443674e+01	-1.139577e+03
7.030000e-06	-1.029212e-08	-4.462362e-09	-5.457831e+01	-1.140239e+03
7.040000e-06	-1.031808e-08	-4.464887e-09	-5.471597e+01	-1.140883e+03
7.050000e-06	-1.034329e-08	-4.466922e-09	-5.484967e+01	-1.141397e+03
7.060000e-06	-1.036783e-08	-4.468378e-09	-5.497980e+01	-1.141761e+03
7.070000e-06	-1.039182e-08	-4.469551e-09	-5.510701e+01	-1.142055e+03
7.080000e-06	-1.041520e-08	-4.471006e-09	-5.523102e+01	-1.142426e+03
7.090000e-06	-1.043770e-08	-4.472805e-09	-5.535038e+01	-1.142880e+03
7.100000e-06	-1.045915e-08	-4.474428e-09	-5.546414e+01	-1.143290e+03
7.110000e-06	-1.047971e-08	-4.475927e-09	-5.557319e+01	-1.143679e+03
7.120000e-06	-1.049963e-08	-4.477566e-09	-5.567882e+01	-1.144107e+03
7.130000e-06	-1.051893e-08	-4.479302e-09	-5.578118e+01	-1.144552e+03
7.140000e-06	-1.053755e-08	-4.481074e-09	-5.587994e+01	-1.144995e+03
7.150000e-06	-1.055546e-08	-4.482308e-09	-5.597489e+01	-1.145307e+03
7.160000e-06	-1.057262e-08	-4.482805e-09	-5.606592e+01	-1.145433e+03
7.170000e-06	-1.058913e-08	-4.483415e-09	-5.615344e+01	-1.145590e+03
7.180000e-06	-1.060505e-08	-4.484560e-09	-5.623788e+01	-1.145886e+03
7.190000e-06	-1.062023e-08	-4.485925e-09	-5.631835e+01	-1.146238e+03
7.200000e-06	-1.063432e-08	-4.486950e-09	-5.639309e+01	-1.146501e+03
7.210000e-06	-1.064730e-08	-4.487666e-09	-5.646197e+01	-1.146688e+03
7.220000e-06	-1.065942e-08	-4.488660e-09	-5.652627e+01	-1.146952e+03
7.230000e-06	-1.067078e-08	-4.490008e-09	-5.658658e+01	-1.147297e+03
7.240000e-06	-1.068141e-08	-4.491612e-09	-5.664294e+01	-1.147697e+03
7.250000e-06	-1.069131e-08	-4.492710e-09	-5.669543e+01	-1.147975e+03
7.260000e-06	-1.070044e-08	-4.492752e-09	-5.674391e+01	-1.147989e+03
7.270000e-06	-1.070890e-08	-4.492679e-09	-5.678878e+01	-1.147972e+03
7.280000e-06	-1.071679e-08	-4.493166e-09	-5.683060e+01	-1.148103e+03
7.290000e-06	-1.072396e-08	-4.494036e-09	-5.686859e+01	-1.148332e+03
7.300000e-06	-1.073010e-08	-4.495063e-09	-5.690121e+01	-1.148595e+03
7.310000e-06	-1.073521e-08	-4.496177e-09	-5.692834e+01	-1.148879e+03
7.320000e-06	-1.073955e-08	-4.497308e-09	-5.695137e+01	-1.149171e+03
7.330000e-06	-1.074328e-08	-4.498305e-09	-5.697114e+01	-1.149426e+03
7.340000e-06	-1.074635e-08	-4.499162e-09	-5.698738e+01	-1.149641e+03
7.350000e-06	-1.074872e-08	-4.499514e-09	-5.699997e+01	-1.149727e+03
7.360000e-06	-1.075041e-08	-4.499220e-09	-5.700890e+01	-1.149653e+03
7.370000e-06	-1.075131e-08	-4.499250e-09	-5.701369e+01	-1.149660e+03
