# Temperatura_=_17.732258064516127
# Concentracion g/m^3_=_8100.0
# C_Vs_to_Am_M_A/Vsm_=_254322799225.57578
# pendiente_HvsI_1/m_=_3716.3
# ordenada_HvsI_A/m_=_1297.0
# frecuencia_Hz_=_135562.75878079917
# Promedio de 31 ciclos

Tiempo_(s)	Campo_(V.s)	Magnetizacion_(V.s)	Campo_(kA/m)	Magnetizacion_(A/m)
0.000000e+00	-1.074877e-08	-2.873237e-09	-5.701367e+01	-8.418997e+02
1.000000e-08	-1.074869e-08	-2.873005e-09	-5.701328e+01	-8.418332e+02
2.000000e-08	-1.074795e-08	-2.872584e-09	-5.700942e+01	-8.417226e+02
3.000000e-08	-1.074628e-08	-2.872151e-09	-5.700060e+01	-8.416011e+02
4.000000e-08	-1.074360e-08	-2.871954e-09	-5.698642e+01	-8.415248e+02
5.000000e-08	-1.074010e-08	-2.872097e-09	-5.696796e+01	-8.415358e+02
6.000000e-08	-1.073603e-08	-2.872371e-09	-5.694644e+01	-8.415912e+02
7.000000e-08	-1.073138e-08	-2.872740e-09	-5.692193e+01	-8.417005e+02
8.000000e-08	-1.072604e-08	-2.873422e-09	-5.689365e+01	-8.419317e+02
9.000000e-08	-1.071984e-08	-2.873218e-09	-5.686083e+01	-8.418955e+02
1.000000e-07	-1.071258e-08	-2.869601e-09	-5.682243e+01	-8.407334e+02
1.100000e-07	-1.070401e-08	-2.866010e-09	-5.677721e+01	-8.395768e+02
1.200000e-07	-1.069410e-08	-2.868915e-09	-5.672487e+01	-8.405411e+02
1.300000e-07	-1.068339e-08	-2.877185e-09	-5.666814e+01	-8.432064e+02
1.400000e-07	-1.067241e-08	-2.879348e-09	-5.660989e+01	-8.437994e+02
1.500000e-07	-1.066085e-08	-2.868347e-09	-5.654869e+01	-8.401288e+02
1.600000e-07	-1.064829e-08	-2.861760e-09	-5.648223e+01	-8.381535e+02
1.700000e-07	-1.063498e-08	-2.870657e-09	-5.641166e+01	-8.412170e+02
1.800000e-07	-1.062107e-08	-2.869957e-09	-5.633796e+01	-8.407689e+02
1.900000e-07	-1.060606e-08	-2.856678e-09	-5.625856e+01	-8.364707e+02
2.000000e-07	-1.058988e-08	-2.859870e-09	-5.617291e+01	-8.381685e+02
2.100000e-07	-1.057308e-08	-2.870515e-09	-5.608389e+01	-8.418369e+02
2.200000e-07	-1.055573e-08	-2.865448e-09	-5.599193e+01	-8.395620e+02
2.300000e-07	-1.053752e-08	-2.864821e-09	-5.589543e+01	-8.389678e+02
2.400000e-07	-1.051860e-08	-2.876665e-09	-5.579517e+01	-8.428916e+02
2.500000e-07	-1.049917e-08	-2.873208e-09	-5.569224e+01	-8.414649e+02
2.600000e-07	-1.047907e-08	-2.863033e-09	-5.558574e+01	-8.379217e+02
2.700000e-07	-1.045824e-08	-2.869208e-09	-5.547532e+01	-8.405943e+02
2.800000e-07	-1.043678e-08	-2.870272e-09	-5.536154e+01	-8.415320e+02
2.900000e-07	-1.041453e-08	-2.858811e-09	-5.524357e+01	-8.377266e+02
3.000000e-07	-1.039140e-08	-2.863853e-09	-5.512093e+01	-8.395281e+02
3.100000e-07	-1.036769e-08	-2.875910e-09	-5.499517e+01	-8.435868e+02
3.200000e-07	-1.034345e-08	-2.870411e-09	-5.486665e+01	-8.411491e+02
3.300000e-07	-1.031841e-08	-2.869554e-09	-5.473390e+01	-8.403189e+02
3.400000e-07	-1.029246e-08	-2.881158e-09	-5.459638e+01	-8.440867e+02
3.500000e-07	-1.026567e-08	-2.876252e-09	-5.445439e+01	-8.422307e+02
3.600000e-07	-1.023812e-08	-2.865368e-09	-5.430826e+01	-8.384460e+02
3.700000e-07	-1.020991e-08	-2.869647e-09	-5.415869e+01	-8.402880e+02
3.800000e-07	-1.018105e-08	-2.867516e-09	-5.400566e+01	-8.399043e+02
3.900000e-07	-1.015143e-08	-2.856673e-09	-5.384866e+01	-8.362971e+02
4.000000e-07	-1.012106e-08	-2.859246e-09	-5.368770e+01	-8.374622e+02
4.100000e-07	-1.009001e-08	-2.862010e-09	-5.352309e+01	-8.385284e+02
4.200000e-07	-1.005833e-08	-2.857389e-09	-5.335508e+01	-8.367718e+02
4.300000e-07	-1.002603e-08	-2.858679e-09	-5.318381e+01	-8.374542e+02
4.400000e-07	-9.993019e-09	-2.858365e-09	-5.300879e+01	-8.375537e+02
4.500000e-07	-9.959097e-09	-2.855256e-09	-5.282895e+01	-8.361996e+02
4.600000e-07	-9.924220e-09	-2.855506e-09	-5.264405e+01	-8.364136e+02
4.700000e-07	-9.888567e-09	-2.852569e-09	-5.245502e+01	-8.357731e+02
4.800000e-07	-9.852314e-09	-2.850790e-09	-5.226281e+01	-8.350104e+02
4.900000e-07	-9.815486e-09	-2.853341e-09	-5.206757e+01	-8.358509e+02
5.000000e-07	-9.777995e-09	-2.850897e-09	-5.186881e+01	-8.352129e+02
5.100000e-07	-9.739772e-09	-2.848684e-09	-5.166615e+01	-8.343706e+02
5.200000e-07	-9.700843e-09	-2.850198e-09	-5.145973e+01	-8.349797e+02
5.300000e-07	-9.661295e-09	-2.846285e-09	-5.125002e+01	-8.339607e+02
5.400000e-07	-9.621172e-09	-2.841966e-09	-5.103725e+01	-8.324743e+02
5.500000e-07	-9.580377e-09	-2.843680e-09	-5.082092e+01	-8.329807e+02
5.600000e-07	-9.538708e-09	-2.843524e-09	-5.060002e+01	-8.330289e+02
5.700000e-07	-9.496057e-09	-2.840506e-09	-5.037393e+01	-8.320905e+02
5.800000e-07	-9.452564e-09	-2.838825e-09	-5.014331e+01	-8.316627e+02
5.900000e-07	-9.408459e-09	-2.837096e-09	-4.990942e+01	-8.311942e+02
6.000000e-07	-9.363821e-09	-2.835700e-09	-4.967276e+01	-8.307013e+02
6.100000e-07	-9.318583e-09	-2.834579e-09	-4.943289e+01	-8.304263e+02
6.200000e-07	-9.272698e-09	-2.831811e-09	-4.918957e+01	-8.296671e+02
6.300000e-07	-9.226165e-09	-2.829483e-09	-4.894279e+01	-8.289164e+02
6.400000e-07	-9.179009e-09	-2.828282e-09	-4.869270e+01	-8.285657e+02
6.500000e-07	-9.131237e-09	-2.826299e-09	-4.843937e+01	-8.279918e+02
6.600000e-07	-9.082741e-09	-2.824776e-09	-4.818227e+01	-8.275463e+02
6.700000e-07	-9.033371e-09	-2.823045e-09	-4.792051e+01	-8.271393e+02
6.800000e-07	-8.983052e-09	-2.819355e-09	-4.765368e+01	-8.260916e+02
6.900000e-07	-8.931821e-09	-2.817069e-09	-4.738200e+01	-8.253208e+02
7.000000e-07	-8.879799e-09	-2.816642e-09	-4.710613e+01	-8.251691e+02
7.100000e-07	-8.827098e-09	-2.813997e-09	-4.682665e+01	-8.244325e+02
7.200000e-07	-8.773755e-09	-2.810226e-09	-4.654373e+01	-8.233473e+02
7.300000e-07	-8.719803e-09	-2.807944e-09	-4.625759e+01	-8.227152e+02
7.400000e-07	-8.665316e-09	-2.805891e-09	-4.596863e+01	-8.221280e+02
7.500000e-07	-8.610329e-09	-2.803688e-09	-4.567697e+01	-8.214501e+02
7.600000e-07	-8.554824e-09	-2.802125e-09	-4.538253e+01	-8.210165e+02
7.700000e-07	-8.498761e-09	-2.799966e-09	-4.508514e+01	-8.204390e+02
7.800000e-07	-8.442056e-09	-2.796664e-09	-4.478441e+01	-8.194488e+02
7.900000e-07	-8.384651e-09	-2.793619e-09	-4.447998e+01	-8.185049e+02
8.000000e-07	-8.326549e-09	-2.791238e-09	-4.417181e+01	-8.178095e+02
8.100000e-07	-8.267732e-09	-2.788146e-09	-4.385983e+01	-8.169373e+02
8.200000e-07	-8.208183e-09	-2.784257e-09	-4.354398e+01	-8.158361e+02
8.300000e-07	-8.147994e-09	-2.780851e-09	-4.322475e+01	-8.148531e+02
8.400000e-07	-8.087271e-09	-2.778098e-09	-4.290270e+01	-8.140235e+02
8.500000e-07	-8.026035e-09	-2.775215e-09	-4.257792e+01	-8.131632e+02
8.600000e-07	-7.964280e-09	-2.771812e-09	-4.225040e+01	-8.121986e+02
8.700000e-07	-7.902021e-09	-2.767938e-09	-4.192024e+01	-8.110985e+02
8.800000e-07	-7.839295e-09	-2.763960e-09	-4.158761e+01	-8.099166e+02
8.900000e-07	-7.776122e-09	-2.760209e-09	-4.125258e+01	-8.087970e+02
9.000000e-07	-7.712458e-09	-2.756463e-09	-4.091489e+01	-8.077283e+02
9.100000e-07	-7.648211e-09	-2.752005e-09	-4.057411e+01	-8.064747e+02
9.200000e-07	-7.583334e-09	-2.747021e-09	-4.023005e+01	-8.050442e+02
9.300000e-07	-7.517844e-09	-2.742427e-09	-3.988278e+01	-8.036995e+02
9.400000e-07	-7.451750e-09	-2.738485e-09	-3.953229e+01	-8.025124e+02
9.500000e-07	-7.385035e-09	-2.734806e-09	-3.917845e+01	-8.014102e+02
9.600000e-07	-7.317718e-09	-2.730865e-09	-3.882137e+01	-8.002889e+02
9.700000e-07	-7.249839e-09	-2.726615e-09	-3.846133e+01	-7.990956e+02
9.800000e-07	-7.181481e-09	-2.722153e-09	-3.809876e+01	-7.978034e+02
9.900000e-07	-7.112725e-09	-2.717341e-09	-3.773409e+01	-7.963918e+02
1.000000e-06	-7.043527e-09	-2.712098e-09	-3.736710e+01	-7.948696e+02
1.010000e-06	-6.973840e-09	-2.706505e-09	-3.699752e+01	-7.932521e+02
1.020000e-06	-6.903689e-09	-2.700620e-09	-3.662549e+01	-7.915301e+02
1.030000e-06	-6.833136e-09	-2.695131e-09	-3.625125e+01	-7.899067e+02
1.040000e-06	-6.762188e-09	-2.690355e-09	-3.587487e+01	-7.885006e+02
1.050000e-06	-6.690743e-09	-2.685103e-09	-3.549590e+01	-7.869926e+02
1.060000e-06	-6.618738e-09	-2.678566e-09	-3.511400e+01	-7.851348e+02
1.070000e-06	-6.546217e-09	-2.671589e-09	-3.472938e+01	-7.831314e+02
1.080000e-06	-6.473185e-09	-2.665000e-09	-3.434215e+01	-7.811951e+02
1.090000e-06	-6.399631e-09	-2.658742e-09	-3.395211e+01	-7.793411e+02
1.100000e-06	-6.325515e-09	-2.652326e-09	-3.355902e+01	-7.774714e+02
1.110000e-06	-6.250783e-09	-2.645434e-09	-3.316270e+01	-7.754885e+02
1.120000e-06	-6.175485e-09	-2.638316e-09	-3.276339e+01	-7.734316e+02
1.130000e-06	-6.099692e-09	-2.631198e-09	-3.236146e+01	-7.713540e+02
1.140000e-06	-6.023466e-09	-2.624012e-09	-3.195720e+01	-7.692518e+02
1.150000e-06	-5.946823e-09	-2.616074e-09	-3.155073e+01	-7.669490e+02
1.160000e-06	-5.869764e-09	-2.606863e-09	-3.114212e+01	-7.642861e+02
1.170000e-06	-5.792295e-09	-2.597645e-09	-3.073134e+01	-7.615831e+02
1.180000e-06	-5.714370e-09	-2.589169e-09	-3.031813e+01	-7.590775e+02
1.190000e-06	-5.635937e-09	-2.580478e-09	-2.990225e+01	-7.565390e+02
1.200000e-06	-5.557001e-09	-2.570954e-09	-2.948370e+01	-7.537908e+02
1.210000e-06	-5.477588e-09	-2.560983e-09	-2.906259e+01	-7.509096e+02
1.220000e-06	-5.397697e-09	-2.551029e-09	-2.863891e+01	-7.479888e+02
1.230000e-06	-5.317347e-09	-2.541194e-09	-2.821276e+01	-7.450828e+02
1.240000e-06	-5.236562e-09	-2.531062e-09	-2.778430e+01	-7.421139e+02
1.250000e-06	-5.155347e-09	-2.519782e-09	-2.735360e+01	-7.388380e+02
1.260000e-06	-5.073750e-09	-2.507577e-09	-2.692089e+01	-7.352983e+02
1.270000e-06	-4.991843e-09	-2.495452e-09	-2.648652e+01	-7.317609e+02
1.280000e-06	-4.909659e-09	-2.483633e-09	-2.605069e+01	-7.283033e+02
1.290000e-06	-4.827223e-09	-2.471404e-09	-2.561348e+01	-7.247422e+02
1.300000e-06	-4.744541e-09	-2.458290e-09	-2.517497e+01	-7.209164e+02
1.310000e-06	-4.661603e-09	-2.444576e-09	-2.473510e+01	-7.168738e+02
1.320000e-06	-4.578389e-09	-2.430522e-09	-2.429379e+01	-7.127257e+02
1.330000e-06	-4.494880e-09	-2.415665e-09	-2.385097e+01	-7.083574e+02
1.340000e-06	-4.411069e-09	-2.399768e-09	-2.340657e+01	-7.036921e+02
1.350000e-06	-4.326954e-09	-2.383355e-09	-2.296050e+01	-6.989100e+02
1.360000e-06	-4.242530e-09	-2.366971e-09	-2.251280e+01	-6.941528e+02
1.370000e-06	-4.157827e-09	-2.350616e-09	-2.206363e+01	-6.893710e+02
1.380000e-06	-4.072892e-09	-2.333902e-09	-2.161316e+01	-6.844529e+02
1.390000e-06	-3.987730e-09	-2.316078e-09	-2.116143e+01	-6.792125e+02
1.400000e-06	-3.902322e-09	-2.296703e-09	-2.070838e+01	-6.735186e+02
1.410000e-06	-3.816658e-09	-2.276524e-09	-2.025404e+01	-6.675808e+02
1.420000e-06	-3.730756e-09	-2.256611e-09	-1.979851e+01	-6.617356e+02
1.430000e-06	-3.644655e-09	-2.236699e-09	-1.934188e+01	-6.559199e+02
1.440000e-06	-3.558343e-09	-2.215674e-09	-1.888406e+01	-6.497890e+02
1.450000e-06	-3.471811e-09	-2.193421e-09	-1.842506e+01	-6.432822e+02
1.460000e-06	-3.385076e-09	-2.170606e-09	-1.796502e+01	-6.365932e+02
1.470000e-06	-3.298132e-09	-2.147581e-09	-1.750392e+01	-6.298146e+02
1.480000e-06	-3.210984e-09	-2.123996e-09	-1.704176e+01	-6.228544e+02
1.490000e-06	-3.123606e-09	-2.099296e-09	-1.657837e+01	-6.155892e+02
1.500000e-06	-3.035952e-09	-2.073251e-09	-1.611352e+01	-6.079496e+02
1.510000e-06	-2.948020e-09	-2.046434e-09	-1.564726e+01	-6.000836e+02
1.520000e-06	-2.859814e-09	-2.019288e-09	-1.517958e+01	-5.921107e+02
1.530000e-06	-2.771371e-09	-1.991009e-09	-1.471061e+01	-5.838197e+02
1.540000e-06	-2.682734e-09	-1.960581e-09	-1.424064e+01	-5.749290e+02
1.550000e-06	-2.593922e-09	-1.928160e-09	-1.376972e+01	-5.654340e+02
1.560000e-06	-2.504947e-09	-1.895149e-09	-1.329786e+01	-5.557249e+02
1.570000e-06	-2.415814e-09	-1.861931e-09	-1.282518e+01	-5.459548e+02
1.580000e-06	-2.326529e-09	-1.827449e-09	-1.235167e+01	-5.358242e+02
1.590000e-06	-2.237100e-09	-1.791596e-09	-1.187733e+01	-5.253063e+02
1.600000e-06	-2.147535e-09	-1.754518e-09	-1.140230e+01	-5.144444e+02
1.610000e-06	-2.057820e-09	-1.716189e-09	-1.092649e+01	-5.032140e+02
1.620000e-06	-1.967959e-09	-1.676548e-09	-1.044990e+01	-4.915823e+02
1.630000e-06	-1.877939e-09	-1.634863e-09	-9.972455e+00	-4.793494e+02
1.640000e-06	-1.787750e-09	-1.590890e-09	-9.494142e+00	-4.664680e+02
1.650000e-06	-1.697397e-09	-1.545189e-09	-9.014962e+00	-4.530793e+02
1.660000e-06	-1.606884e-09	-1.498538e-09	-8.534933e+00	-4.393836e+02
1.670000e-06	-1.516258e-09	-1.451347e-09	-8.054306e+00	-4.255161e+02
1.680000e-06	-1.425548e-09	-1.403276e-09	-7.573187e+00	-4.114110e+02
1.690000e-06	-1.334750e-09	-1.353958e-09	-7.091606e+00	-3.969665e+02
1.700000e-06	-1.243871e-09	-1.303252e-09	-6.609656e+00	-3.821194e+02
1.710000e-06	-1.152901e-09	-1.251261e-09	-6.127243e+00	-3.668783e+02
1.720000e-06	-1.061826e-09	-1.198392e-09	-5.644299e+00	-3.513554e+02
1.730000e-06	-9.706486e-10	-1.144184e-09	-5.160805e+00	-3.354368e+02
1.740000e-06	-8.793728e-10	-1.088242e-09	-4.676735e+00	-3.190254e+02
1.750000e-06	-7.880020e-10	-1.031708e-09	-4.192127e+00	-3.024480e+02
1.760000e-06	-6.965188e-10	-9.753530e-10	-3.706950e+00	-2.859128e+02
1.770000e-06	-6.049345e-10	-9.188210e-10	-3.221240e+00	-2.693206e+02
1.780000e-06	-5.132918e-10	-8.613338e-10	-2.735141e+00	-2.524707e+02
1.790000e-06	-4.215852e-10	-8.026628e-10	-2.248721e+00	-2.352809e+02
1.800000e-06	-3.298233e-10	-7.434985e-10	-1.762043e+00	-2.179075e+02
1.810000e-06	-2.380621e-10	-6.843508e-10	-1.275314e+00	-2.005047e+02
1.820000e-06	-1.463245e-10	-6.253480e-10	-7.887353e-01	-1.831536e+02
1.830000e-06	-5.460554e-11	-5.658678e-10	-3.023211e-01	-1.656913e+02
1.840000e-06	3.707850e-11	-5.057974e-10	1.839246e-01	-1.480776e+02
1.850000e-06	1.287168e-10	-4.462602e-10	6.700154e-01	-1.306081e+02
1.860000e-06	2.203390e-10	-3.872555e-10	1.156045e+00	-1.132661e+02
1.870000e-06	3.119438e-10	-3.271102e-10	1.641954e+00	-9.559236e+01
1.880000e-06	4.035399e-10	-2.648324e-10	2.127802e+00	-7.730021e+01
1.890000e-06	4.951382e-10	-2.009235e-10	2.613648e+00	-5.851793e+01
1.900000e-06	5.867097e-10	-1.359005e-10	3.099344e+00	-3.940121e+01
1.910000e-06	6.782453e-10	-6.984554e-11	3.584786e+00	-1.996445e+01
1.920000e-06	7.697209e-10	-2.384425e-12	4.069885e+00	-9.989570e-02
1.930000e-06	8.611093e-10	6.744167e-11	4.554555e+00	2.044419e+01
1.940000e-06	9.524143e-10	1.402564e-10	5.038788e+00	4.185215e+01
1.950000e-06	1.043616e-09	2.157154e-10	5.522493e+00	6.405158e+01
1.960000e-06	1.134708e-09	2.932891e-10	6.005613e+00	8.689852e+01
1.970000e-06	1.225679e-09	3.731342e-10	6.488083e+00	1.104176e+02
1.980000e-06	1.316506e-09	4.555574e-10	6.969825e+00	1.346791e+02
1.990000e-06	1.407190e-09	5.398196e-10	7.450847e+00	1.594681e+02
2.000000e-06	1.497741e-09	6.245048e-10	7.931190e+00	1.843644e+02
2.010000e-06	1.588195e-09	7.089227e-10	8.410995e+00	2.091683e+02
2.020000e-06	1.678568e-09	7.929575e-10	8.890334e+00	2.338495e+02
2.030000e-06	1.768826e-09	8.760789e-10	9.369041e+00	2.582432e+02
2.040000e-06	1.858960e-09	9.572886e-10	9.847071e+00	2.820757e+02
2.050000e-06	1.948982e-09	1.035502e-09	1.032453e+01	3.050537e+02
2.060000e-06	2.038879e-09	1.110270e-09	1.080136e+01	3.270256e+02
2.070000e-06	2.128626e-09	1.181978e-09	1.127744e+01	3.480585e+02
2.080000e-06	2.218210e-09	1.251322e-09	1.175265e+01	3.683544e+02
2.090000e-06	2.307636e-09	1.318324e-09	1.222696e+01	3.879611e+02
2.100000e-06	2.396886e-09	1.382152e-09	1.270034e+01	4.066504e+02
2.110000e-06	2.485944e-09	1.442345e-09	1.317273e+01	4.242921e+02
2.120000e-06	2.574793e-09	1.499442e-09	1.364406e+01	4.410401e+02
2.130000e-06	2.663414e-09	1.553779e-09	1.411414e+01	4.569806e+02
2.140000e-06	2.751812e-09	1.605210e-09	1.458301e+01	4.720666e+02
2.150000e-06	2.840001e-09	1.653810e-09	1.505079e+01	4.863156e+02
2.160000e-06	2.927981e-09	1.699963e-09	1.551746e+01	4.998500e+02
2.170000e-06	3.015739e-09	1.744750e-09	1.598293e+01	5.129687e+02
2.180000e-06	3.103285e-09	1.788592e-09	1.644727e+01	5.257859e+02
2.190000e-06	3.190627e-09	1.830573e-09	1.691054e+01	5.380670e+02
2.200000e-06	3.277758e-09	1.870031e-09	1.737269e+01	5.496426e+02
2.210000e-06	3.364677e-09	1.907131e-09	1.783371e+01	5.605513e+02
2.220000e-06	3.451366e-09	1.942352e-09	1.829357e+01	5.708983e+02
2.230000e-06	3.537822e-09	1.976473e-09	1.875218e+01	5.809007e+02
2.240000e-06	3.624021e-09	2.009729e-09	1.920937e+01	5.906306e+02
2.250000e-06	3.709942e-09	2.041548e-09	1.966510e+01	5.999370e+02
2.260000e-06	3.795591e-09	2.071639e-09	2.011943e+01	6.087444e+02
2.270000e-06	3.880985e-09	2.100333e-09	2.057244e+01	6.171417e+02
2.280000e-06	3.966144e-09	2.127852e-09	2.102418e+01	6.252001e+02
2.290000e-06	4.051076e-09	2.153822e-09	2.147469e+01	6.328212e+02
2.300000e-06	4.135793e-09	2.178200e-09	2.192406e+01	6.399870e+02
2.310000e-06	4.220296e-09	2.201775e-09	2.237229e+01	6.469076e+02
2.320000e-06	4.304561e-09	2.225094e-09	2.281925e+01	6.537228e+02
2.330000e-06	4.388556e-09	2.247960e-09	2.326475e+01	6.603896e+02
2.340000e-06	4.472249e-09	2.269626e-09	2.370867e+01	6.667118e+02
2.350000e-06	4.555622e-09	2.289628e-09	2.415092e+01	6.725516e+02
2.360000e-06	4.638670e-09	2.308678e-09	2.459140e+01	6.781144e+02
2.370000e-06	4.721405e-09	2.327747e-09	2.503023e+01	6.836895e+02
2.380000e-06	4.803825e-09	2.346800e-09	2.546744e+01	6.892782e+02
2.390000e-06	4.885928e-09	2.364916e-09	2.590298e+01	6.946046e+02
2.400000e-06	4.967714e-09	2.381664e-09	2.633684e+01	6.995157e+02
2.410000e-06	5.049159e-09	2.397424e-09	2.676890e+01	7.041095e+02
2.420000e-06	5.130218e-09	2.412706e-09	2.719887e+01	7.085405e+02
2.430000e-06	5.210870e-09	2.427559e-09	2.762667e+01	7.128401e+02
2.440000e-06	5.291130e-09	2.441549e-09	2.805236e+01	7.169061e+02
2.450000e-06	5.371009e-09	2.454552e-09	2.847602e+01	7.207081e+02
2.460000e-06	5.450509e-09	2.467210e-09	2.889773e+01	7.244084e+02
2.470000e-06	5.529615e-09	2.480058e-09	2.931735e+01	7.281564e+02
2.480000e-06	5.608295e-09	2.492555e-09	2.973470e+01	7.318080e+02
2.490000e-06	5.686524e-09	2.504043e-09	3.014964e+01	7.351589e+02
2.500000e-06	5.764272e-09	2.514705e-09	3.056203e+01	7.382455e+02
2.510000e-06	5.841544e-09	2.524840e-09	3.097193e+01	7.411716e+02
2.520000e-06	5.918384e-09	2.534744e-09	3.137952e+01	7.440442e+02
2.530000e-06	5.994804e-09	2.544534e-09	3.178487e+01	7.469028e+02
2.540000e-06	6.070751e-09	2.553875e-09	3.218772e+01	7.496305e+02
2.550000e-06	6.146175e-09	2.562804e-09	3.258780e+01	7.522271e+02
2.560000e-06	6.221061e-09	2.571809e-09	3.298505e+01	7.548415e+02
2.570000e-06	6.295422e-09	2.581099e-09	3.337948e+01	7.575426e+02
2.580000e-06	6.369261e-09	2.590135e-09	3.377110e+01	7.601828e+02
2.590000e-06	6.442578e-09	2.598269e-09	3.415998e+01	7.625548e+02
2.600000e-06	6.515394e-09	2.605729e-09	3.454621e+01	7.647195e+02
2.610000e-06	6.587698e-09	2.613193e-09	3.492976e+01	7.668812e+02
2.620000e-06	6.659493e-09	2.620878e-09	3.531060e+01	7.691066e+02
2.630000e-06	6.730813e-09	2.628411e-09	3.568892e+01	7.712998e+02
2.640000e-06	6.801674e-09	2.635413e-09	3.606485e+01	7.733465e+02
2.650000e-06	6.872071e-09	2.642185e-09	3.643834e+01	7.753148e+02
2.660000e-06	6.941980e-09	2.649270e-09	3.680925e+01	7.773634e+02
2.670000e-06	7.011389e-09	2.656637e-09	3.717748e+01	7.795143e+02
2.680000e-06	7.080338e-09	2.663594e-09	3.754323e+01	7.815702e+02
2.690000e-06	7.148868e-09	2.669467e-09	3.790676e+01	7.832947e+02
2.700000e-06	7.216963e-09	2.674732e-09	3.826802e+01	7.848040e+02
2.710000e-06	7.284578e-09	2.680288e-09	3.862670e+01	7.863846e+02
2.720000e-06	7.351660e-09	2.686085e-09	3.898249e+01	7.880477e+02
2.730000e-06	7.418157e-09	2.691651e-09	3.933516e+01	7.896492e+02
2.740000e-06	7.484054e-09	2.697154e-09	3.968466e+01	7.912387e+02
2.750000e-06	7.549338e-09	2.703166e-09	4.003098e+01	7.930033e+02
2.760000e-06	7.614020e-09	2.709460e-09	4.037415e+01	7.948699e+02
2.770000e-06	7.678141e-09	2.715129e-09	4.071432e+01	7.965474e+02
2.780000e-06	7.741718e-09	2.719946e-09	4.105162e+01	7.979543e+02
2.790000e-06	7.804796e-09	2.724293e-09	4.138626e+01	7.991993e+02
2.800000e-06	7.867391e-09	2.728289e-09	4.171832e+01	8.003237e+02
2.810000e-06	7.929476e-09	2.732265e-09	4.204771e+01	8.014414e+02
2.820000e-06	7.991026e-09	2.736512e-09	4.237429e+01	8.026727e+02
2.830000e-06	8.052072e-09	2.740870e-09	4.269817e+01	8.039658e+02
2.840000e-06	8.112656e-09	2.745522e-09	4.301961e+01	8.053396e+02
2.850000e-06	8.172782e-09	2.750510e-09	4.333861e+01	8.068019e+02
2.860000e-06	8.232388e-09	2.755146e-09	4.365485e+01	8.081521e+02
2.870000e-06	8.291369e-09	2.758915e-09	4.396778e+01	8.092371e+02
2.880000e-06	8.349634e-09	2.762124e-09	4.427688e+01	8.101477e+02
2.890000e-06	8.407141e-09	2.765213e-09	4.458198e+01	8.110249e+02
2.900000e-06	8.463923e-09	2.768580e-09	4.488325e+01	8.119841e+02
2.910000e-06	8.520068e-09	2.772117e-09	4.518114e+01	8.130049e+02
2.920000e-06	8.575621e-09	2.775402e-09	4.547591e+01	8.139807e+02
2.930000e-06	8.630618e-09	2.778658e-09	4.576769e+01	8.149511e+02
2.940000e-06	8.685058e-09	2.782225e-09	4.605651e+01	8.159847e+02
2.950000e-06	8.738901e-09	2.785902e-09	4.634222e+01	8.170369e+02
2.960000e-06	8.792111e-09	2.789113e-09	4.662464e+01	8.179635e+02
2.970000e-06	8.844684e-09	2.791835e-09	4.690367e+01	8.187479e+02
2.980000e-06	8.896573e-09	2.794429e-09	4.717909e+01	8.194899e+02
2.990000e-06	8.947663e-09	2.797117e-09	4.745032e+01	8.202597e+02
3.000000e-06	8.997892e-09	2.799989e-09	4.771695e+01	8.210930e+02
3.010000e-06	9.047257e-09	2.802900e-09	4.797897e+01	8.219564e+02
3.020000e-06	9.095834e-09	2.805651e-09	4.823679e+01	8.227713e+02
3.030000e-06	9.143731e-09	2.808356e-09	4.849099e+01	8.235590e+02
3.040000e-06	9.191014e-09	2.811158e-09	4.874192e+01	8.243593e+02
3.050000e-06	9.237677e-09	2.813811e-09	4.898956e+01	8.250943e+02
3.060000e-06	9.283672e-09	2.816112e-09	4.923365e+01	8.257284e+02
3.070000e-06	9.328980e-09	2.818353e-09	4.947408e+01	8.263722e+02
3.080000e-06	9.373679e-09	2.820732e-09	4.971130e+01	8.270797e+02
3.090000e-06	9.417876e-09	2.823091e-09	4.994583e+01	8.277749e+02
3.100000e-06	9.461586e-09	2.825319e-09	5.017776e+01	8.284210e+02
3.110000e-06	9.504656e-09	2.827492e-09	5.040634e+01	8.290598e+02
3.120000e-06	9.546873e-09	2.829519e-09	5.063045e+01	8.296499e+02
3.130000e-06	9.588204e-09	2.831388e-09	5.084981e+01	8.301690e+02
3.140000e-06	9.628759e-09	2.833458e-09	5.106501e+01	8.307515e+02
3.150000e-06	9.668650e-09	2.835792e-09	5.127673e+01	8.314342e+02
3.160000e-06	9.707941e-09	2.837844e-09	5.148525e+01	8.320396e+02
3.170000e-06	9.746610e-09	2.839354e-09	5.169046e+01	8.324893e+02
3.180000e-06	9.784583e-09	2.840758e-09	5.189198e+01	8.329076e+02
3.190000e-06	9.821840e-09	2.842133e-09	5.208968e+01	8.333000e+02
3.200000e-06	9.858457e-09	2.843377e-09	5.228396e+01	8.336409e+02
3.210000e-06	9.894526e-09	2.844833e-09	5.247532e+01	8.340500e+02
3.220000e-06	9.930028e-09	2.846735e-09	5.266370e+01	8.346063e+02
3.230000e-06	9.964769e-09	2.848978e-09	5.284806e+01	8.352537e+02
3.240000e-06	9.998578e-09	2.851217e-09	5.302749e+01	8.358831e+02
3.250000e-06	1.003149e-08	2.852972e-09	5.320220e+01	8.363961e+02
3.260000e-06	1.006367e-08	2.854043e-09	5.337303e+01	8.367333e+02
3.270000e-06	1.009524e-08	2.854654e-09	5.354062e+01	8.369234e+02
3.280000e-06	1.012620e-08	2.855411e-09	5.370492e+01	8.371389e+02
3.290000e-06	1.015647e-08	2.856692e-09	5.386560e+01	8.375020e+02
3.300000e-06	1.018602e-08	2.858355e-09	5.402248e+01	8.379724e+02
3.310000e-06	1.021487e-08	2.860033e-09	5.417562e+01	8.384543e+02
3.320000e-06	1.024314e-08	2.861460e-09	5.432557e+01	8.388612e+02
3.330000e-06	1.027085e-08	2.862668e-09	5.447267e+01	8.391901e+02
3.340000e-06	1.029783e-08	2.863674e-09	5.461593e+01	8.394702e+02
3.350000e-06	1.032382e-08	2.864349e-09	5.475395e+01	8.396800e+02
3.360000e-06	1.034879e-08	2.864834e-09	5.488659e+01	8.398409e+02
3.370000e-06	1.037296e-08	2.865523e-09	5.501494e+01	8.400547e+02
3.380000e-06	1.039647e-08	2.866626e-09	5.513977e+01	8.403750e+02
3.390000e-06	1.041931e-08	2.867956e-09	5.526105e+01	8.407537e+02
3.400000e-06	1.044146e-08	2.868840e-09	5.537868e+01	8.410018e+02
3.410000e-06	1.046288e-08	2.869286e-09	5.549251e+01	8.411146e+02
3.420000e-06	1.048362e-08	2.869910e-09	5.560267e+01	8.412858e+02
3.430000e-06	1.050378e-08	2.870555e-09	5.570969e+01	8.414825e+02
3.440000e-06	1.052338e-08	2.871375e-09	5.581377e+01	8.417390e+02
3.450000e-06	1.054228e-08	2.872567e-09	5.591415e+01	8.421062e+02
3.460000e-06	1.056034e-08	2.873550e-09	5.601013e+01	8.424174e+02
3.470000e-06	1.057763e-08	2.874230e-09	5.610200e+01	8.426286e+02
3.480000e-06	1.059423e-08	2.874728e-09	5.619012e+01	8.427589e+02
3.490000e-06	1.060998e-08	2.874991e-09	5.627383e+01	8.428025e+02
3.500000e-06	1.062483e-08	2.875224e-09	5.635272e+01	8.428487e+02
3.510000e-06	1.063884e-08	2.875630e-09	5.642717e+01	8.429684e+02
3.520000e-06	1.065207e-08	2.876183e-09	5.649750e+01	8.431423e+02
3.530000e-06	1.066456e-08	2.876939e-09	5.656384e+01	8.433715e+02
3.540000e-06	1.067631e-08	2.877889e-09	5.662629e+01	8.436572e+02
3.550000e-06	1.068718e-08	2.878406e-09	5.668410e+01	8.438292e+02
3.560000e-06	1.069695e-08	2.878258e-09	5.673615e+01	8.437998e+02
3.570000e-06	1.070569e-08	2.878015e-09	5.678274e+01	8.437108e+02
3.580000e-06	1.071372e-08	2.878068e-09	5.682541e+01	8.436928e+02
3.590000e-06	1.072111e-08	2.878463e-09	5.686473e+01	8.437899e+02
3.600000e-06	1.072776e-08	2.879025e-09	5.690010e+01	8.439602e+02
3.610000e-06	1.073363e-08	2.879533e-09	5.693137e+01	8.441267e+02
3.620000e-06	1.073875e-08	2.879837e-09	5.695859e+01	8.442314e+02
3.630000e-06	1.074319e-08	2.879819e-09	5.698223e+01	8.442272e+02
3.640000e-06	1.074708e-08	2.879768e-09	5.700297e+01	8.442074e+02
3.650000e-06	1.075031e-08	2.879843e-09	5.702022e+01	8.442393e+02
3.660000e-06	1.075258e-08	2.879706e-09	5.703248e+01	8.442121e+02
3.670000e-06	1.075381e-08	2.879740e-09	5.703917e+01	8.442232e+02
3.680000e-06	1.075421e-08	2.880127e-09	5.704137e+01	8.443153e+02
3.690000e-06	1.075400e-08	2.880480e-09	5.704028e+01	8.443794e+02
3.700000e-06	1.075313e-08	2.880850e-09	5.703572e+01	8.444644e+02
3.710000e-06	1.075156e-08	2.881066e-09	5.702742e+01	8.445381e+02
3.720000e-06	1.074930e-08	2.881045e-09	5.701548e+01	8.445620e+02
3.730000e-06	1.074634e-08	2.880940e-09	5.699984e+01	8.445576e+02
3.740000e-06	1.074277e-08	2.880594e-09	5.698095e+01	8.444688e+02
3.750000e-06	1.073871e-08	2.879926e-09	5.695948e+01	8.442855e+02
3.760000e-06	1.073408e-08	2.878498e-09	5.693504e+01	8.438613e+02
3.770000e-06	1.072859e-08	2.877444e-09	5.690612e+01	8.434844e+02
3.780000e-06	1.072195e-08	2.881736e-09	5.687118e+01	8.448168e+02
3.790000e-06	1.071400e-08	2.887369e-09	5.682931e+01	8.465801e+02
3.800000e-06	1.070473e-08	2.883470e-09	5.678040e+01	8.453118e+02
3.810000e-06	1.069451e-08	2.870486e-09	5.672634e+01	8.412442e+02
3.820000e-06	1.068404e-08	2.866303e-09	5.667079e+01	8.401299e+02
3.830000e-06	1.067346e-08	2.879232e-09	5.661465e+01	8.443854e+02
3.840000e-06	1.066211e-08	2.885611e-09	5.655464e+01	8.461796e+02
3.850000e-06	1.064966e-08	2.875493e-09	5.648883e+01	8.427604e+02
3.860000e-06	1.063653e-08	2.874877e-09	5.641926e+01	8.428838e+02
3.870000e-06	1.062275e-08	2.887153e-09	5.634631e+01	8.469342e+02
3.880000e-06	1.060786e-08	2.883979e-09	5.626756e+01	8.453292e+02
3.890000e-06	1.059198e-08	2.870874e-09	5.618339e+01	8.410522e+02
3.900000e-06	1.057553e-08	2.874306e-09	5.609619e+01	8.429405e+02
3.910000e-06	1.055846e-08	2.879063e-09	5.600577e+01	8.447914e+02
3.920000e-06	1.054053e-08	2.867841e-09	5.591075e+01	8.408247e+02
3.930000e-06	1.052185e-08	2.866250e-09	5.581171e+01	8.402019e+02
3.940000e-06	1.050255e-08	2.874513e-09	5.570942e+01	8.429570e+02
3.950000e-06	1.048253e-08	2.865874e-09	5.560331e+01	8.397132e+02
3.960000e-06	1.046170e-08	2.854042e-09	5.549292e+01	8.356875e+02
3.970000e-06	1.043997e-08	2.856371e-09	5.537790e+01	8.371993e+02
3.980000e-06	1.041727e-08	2.853938e-09	5.525769e+01	8.369153e+02
3.990000e-06	1.039373e-08	2.844933e-09	5.513288e+01	8.340227e+02
4.000000e-06	1.036955e-08	2.852412e-09	5.500466e+01	8.368860e+02
4.010000e-06	1.034468e-08	2.864701e-09	5.487288e+01	8.410276e+02
4.020000e-06	1.031906e-08	2.862875e-09	5.473710e+01	8.396870e+02
4.030000e-06	1.029273e-08	2.867142e-09	5.459750e+01	8.405277e+02
4.040000e-06	1.026571e-08	2.879696e-09	5.445428e+01	8.444234e+02
4.050000e-06	1.023809e-08	2.876449e-09	5.430782e+01	8.427066e+02
4.060000e-06	1.020992e-08	2.872643e-09	5.415848e+01	8.409633e+02
4.070000e-06	1.018101e-08	2.878556e-09	5.400525e+01	8.430904e+02
4.080000e-06	1.015110e-08	2.872080e-09	5.384672e+01	8.409336e+02
4.090000e-06	1.012018e-08	2.862574e-09	5.368282e+01	8.377237e+02
4.100000e-06	1.008840e-08	2.862862e-09	5.351437e+01	8.383176e+02
4.110000e-06	1.005593e-08	2.857413e-09	5.334218e+01	8.366234e+02
4.120000e-06	1.002281e-08	2.851859e-09	5.316660e+01	8.346617e+02
4.130000e-06	9.989034e-09	2.849909e-09	5.298759e+01	8.345519e+02
4.140000e-06	9.954626e-09	2.843341e-09	5.280518e+01	8.323563e+02
4.150000e-06	9.919618e-09	2.848145e-09	5.261954e+01	8.334496e+02
4.160000e-06	9.884009e-09	2.852383e-09	5.243072e+01	8.352862e+02
4.170000e-06	9.847763e-09	2.841828e-09	5.223857e+01	8.319716e+02
4.180000e-06	9.810790e-09	2.843335e-09	5.204263e+01	8.321108e+02
4.190000e-06	9.772938e-09	2.847696e-09	5.184201e+01	8.339561e+02
4.200000e-06	9.734156e-09	2.838873e-09	5.163636e+01	8.311760e+02
4.210000e-06	9.694596e-09	2.840904e-09	5.142658e+01	8.314075e+02
4.220000e-06	9.654395e-09	2.846309e-09	5.121345e+01	8.334298e+02
4.230000e-06	9.613557e-09	2.836992e-09	5.099693e+01	8.306396e+02
4.240000e-06	9.572015e-09	2.832267e-09	5.077663e+01	8.289890e+02
4.250000e-06	9.529754e-09	2.835374e-09	5.055248e+01	8.301925e+02
4.260000e-06	9.486851e-09	2.834300e-09	5.032494e+01	8.298750e+02
4.270000e-06	9.443412e-09	2.832696e-09	5.009458e+01	8.292660e+02
4.280000e-06	9.399458e-09	2.829962e-09	4.986149e+01	8.286394e+02
4.290000e-06	9.354954e-09	2.825780e-09	4.962551e+01	8.273917e+02
4.300000e-06	9.309832e-09	2.825157e-09	4.938625e+01	8.271114e+02
4.310000e-06	9.264021e-09	2.824281e-09	4.914333e+01	8.269555e+02
4.320000e-06	9.217547e-09	2.821109e-09	4.889683e+01	8.260221e+02
4.330000e-06	9.170425e-09	2.819136e-09	4.864692e+01	8.254034e+02
4.340000e-06	9.122621e-09	2.816854e-09	4.839347e+01	8.247972e+02
4.350000e-06	9.074093e-09	2.814665e-09	4.813613e+01	8.241408e+02
4.360000e-06	9.024801e-09	2.814712e-09	4.787471e+01	8.241203e+02
4.370000e-06	8.974765e-09	2.812262e-09	4.760936e+01	8.234925e+02
4.380000e-06	8.924027e-09	2.805711e-09	4.734033e+01	8.215984e+02
4.390000e-06	8.872596e-09	2.802245e-09	4.706763e+01	8.205344e+02
4.400000e-06	8.820431e-09	2.802699e-09	4.679107e+01	8.206905e+02
4.410000e-06	8.767491e-09	2.801485e-09	4.651047e+01	8.203242e+02
4.420000e-06	8.713772e-09	2.798629e-09	4.622568e+01	8.194352e+02
4.430000e-06	8.659280e-09	2.795757e-09	4.593673e+01	8.186376e+02
4.440000e-06	8.604062e-09	2.792205e-09	4.564401e+01	8.176485e+02
4.450000e-06	8.548206e-09	2.789279e-09	4.534786e+01	8.167700e+02
4.460000e-06	8.491785e-09	2.787589e-09	4.504862e+01	8.162938e+02
4.470000e-06	8.434823e-09	2.784952e-09	4.474650e+01	8.155771e+02
4.480000e-06	8.377275e-09	2.780709e-09	4.444129e+01	8.143378e+02
4.490000e-06	8.319087e-09	2.777193e-09	4.413273e+01	8.132936e+02
4.500000e-06	8.260337e-09	2.775666e-09	4.382118e+01	8.128595e+02
4.510000e-06	8.201083e-09	2.773529e-09	4.350695e+01	8.122466e+02
4.520000e-06	8.141277e-09	2.769370e-09	4.318977e+01	8.110423e+02
4.530000e-06	8.080857e-09	2.765251e-09	4.286940e+01	8.098677e+02
4.540000e-06	8.019810e-09	2.762056e-09	4.254578e+01	8.089604e+02
4.550000e-06	7.958134e-09	2.759442e-09	4.221878e+01	8.082033e+02
4.560000e-06	7.895838e-09	2.756812e-09	4.188842e+01	8.074565e+02
4.570000e-06	7.832944e-09	2.753167e-09	4.155484e+01	8.064128e+02
4.580000e-06	7.769444e-09	2.748454e-09	4.121804e+01	8.050457e+02
4.590000e-06	7.705364e-09	2.743750e-09	4.087820e+01	8.036785e+02
4.600000e-06	7.640762e-09	2.740056e-09	4.053561e+01	8.025956e+02
4.610000e-06	7.575661e-09	2.736585e-09	4.019039e+01	8.015775e+02
4.620000e-06	7.510032e-09	2.732111e-09	3.984238e+01	8.002820e+02
4.630000e-06	7.443856e-09	2.727010e-09	3.949144e+01	7.988133e+02
4.640000e-06	7.377179e-09	2.722497e-09	3.913779e+01	7.975216e+02
4.650000e-06	7.310052e-09	2.718288e-09	3.878176e+01	7.963091e+02
4.660000e-06	7.242437e-09	2.713176e-09	3.842321e+01	7.948282e+02
4.670000e-06	7.174300e-09	2.707204e-09	3.806189e+01	7.931087e+02
4.680000e-06	7.105632e-09	2.701388e-09	3.769775e+01	7.914312e+02
4.690000e-06	7.036437e-09	2.696451e-09	3.733082e+01	7.899804e+02
4.700000e-06	6.966739e-09	2.692247e-09	3.696124e+01	7.887327e+02
4.710000e-06	6.896527e-09	2.687441e-09	3.658894e+01	7.873345e+02
4.720000e-06	6.825785e-09	2.681247e-09	3.621380e+01	7.855579e+02
4.730000e-06	6.754498e-09	2.674666e-09	3.583575e+01	7.836758e+02
4.740000e-06	6.682646e-09	2.668614e-09	3.545473e+01	7.819390e+02
4.750000e-06	6.610284e-09	2.662879e-09	3.507097e+01	7.802759e+02
4.760000e-06	6.537465e-09	2.656718e-09	3.468479e+01	7.784727e+02
4.770000e-06	6.464249e-09	2.649670e-09	3.429649e+01	7.764107e+02
4.780000e-06	6.390637e-09	2.642571e-09	3.390610e+01	7.743262e+02
4.790000e-06	6.316578e-09	2.636027e-09	3.351334e+01	7.724067e+02
4.800000e-06	6.242075e-09	2.629287e-09	3.311826e+01	7.704503e+02
4.810000e-06	6.167134e-09	2.621807e-09	3.272094e+01	7.682899e+02
4.820000e-06	6.091754e-09	2.613809e-09	3.232130e+01	7.659854e+02
4.830000e-06	6.015916e-09	2.605891e-09	3.191922e+01	7.636957e+02
4.840000e-06	5.939583e-09	2.598489e-09	3.151451e+01	7.615375e+02
4.850000e-06	5.862767e-09	2.590984e-09	3.110719e+01	7.593520e+02
4.860000e-06	5.785473e-09	2.582039e-09	3.069731e+01	7.567485e+02
4.870000e-06	5.707711e-09	2.571734e-09	3.028494e+01	7.537427e+02
4.880000e-06	5.629478e-09	2.561536e-09	2.987010e+01	7.507653e+02
4.890000e-06	5.550733e-09	2.552129e-09	2.945264e+01	7.480252e+02
4.900000e-06	5.471457e-09	2.542894e-09	2.903242e+01	7.453425e+02
4.910000e-06	5.391687e-09	2.533111e-09	2.860950e+01	7.425005e+02
4.920000e-06	5.311494e-09	2.522526e-09	2.818423e+01	7.394150e+02
4.930000e-06	5.230935e-09	2.511570e-09	2.775695e+01	7.362077e+02
4.940000e-06	5.150083e-09	2.500784e-09	2.732811e+01	7.330437e+02
4.950000e-06	5.068946e-09	2.489611e-09	2.689784e+01	7.297765e+02
4.960000e-06	4.987493e-09	2.477509e-09	2.646594e+01	7.262535e+02
4.970000e-06	4.905725e-09	2.464881e-09	2.603234e+01	7.225742e+02
4.980000e-06	4.823648e-09	2.452290e-09	2.559703e+01	7.188893e+02
4.990000e-06	4.741256e-09	2.439667e-09	2.516002e+01	7.151815e+02
5.000000e-06	4.658580e-09	2.426255e-09	2.472155e+01	7.112533e+02
5.010000e-06	4.575661e-09	2.411592e-09	2.428175e+01	7.069903e+02
5.020000e-06	4.492488e-09	2.396095e-09	2.384059e+01	7.024881e+02
5.030000e-06	4.409003e-09	2.380757e-09	2.339785e+01	6.979989e+02
5.040000e-06	4.325161e-09	2.365757e-09	2.295328e+01	6.935890e+02
5.050000e-06	4.240945e-09	2.350269e-09	2.250675e+01	6.890357e+02
5.060000e-06	4.156364e-09	2.333701e-09	2.205828e+01	6.841754e+02
5.070000e-06	4.071468e-09	2.316472e-09	2.160809e+01	6.791301e+02
5.080000e-06	3.986303e-09	2.299041e-09	2.115641e+01	6.740222e+02
5.090000e-06	3.900902e-09	2.281028e-09	2.070345e+01	6.687408e+02
5.100000e-06	3.815267e-09	2.262282e-09	2.024926e+01	6.632437e+02
5.110000e-06	3.729400e-09	2.242886e-09	1.979384e+01	6.575625e+02
5.120000e-06	3.643268e-09	2.222894e-09	1.933704e+01	6.517160e+02
5.130000e-06	3.556846e-09	2.202674e-09	1.887872e+01	6.457794e+02
5.140000e-06	3.470133e-09	2.182148e-09	1.841892e+01	6.397284e+02
5.150000e-06	3.383110e-09	2.160423e-09	1.795751e+01	6.333433e+02
5.160000e-06	3.295777e-09	2.137088e-09	1.749442e+01	6.265222e+02
5.170000e-06	3.208146e-09	2.112825e-09	1.702970e+01	6.194415e+02
5.180000e-06	3.120211e-09	2.088088e-09	1.656330e+01	6.121865e+02
5.190000e-06	3.031996e-09	2.062661e-09	1.609541e+01	6.046987e+02
5.200000e-06	2.943562e-09	2.036244e-09	1.562637e+01	5.969350e+02
5.210000e-06	2.854945e-09	2.008596e-09	1.515637e+01	5.888294e+02
5.220000e-06	2.766193e-09	1.979811e-09	1.468560e+01	5.804018e+02
5.230000e-06	2.677320e-09	1.950052e-09	1.421419e+01	5.716911e+02
5.240000e-06	2.588319e-09	1.919316e-09	1.374211e+01	5.626842e+02
5.250000e-06	2.499172e-09	1.887558e-09	1.326929e+01	5.533806e+02
5.260000e-06	2.409856e-09	1.854474e-09	1.279557e+01	5.436997e+02
5.270000e-06	2.320386e-09	1.819954e-09	1.232101e+01	5.335862e+02
5.280000e-06	2.230766e-09	1.784559e-09	1.184566e+01	5.231846e+02
5.290000e-06	2.141003e-09	1.747918e-09	1.136954e+01	5.124053e+02
5.300000e-06	2.051085e-09	1.709214e-09	1.089261e+01	5.010384e+02
5.310000e-06	1.961002e-09	1.668965e-09	1.041483e+01	4.892454e+02
5.320000e-06	1.870766e-09	1.627372e-09	9.936198e+00	4.770745e+02
5.330000e-06	1.780390e-09	1.584423e-09	9.456826e+00	4.644975e+02
5.340000e-06	1.689903e-09	1.540431e-09	8.976893e+00	4.516046e+02
5.350000e-06	1.599336e-09	1.495183e-09	8.496520e+00	4.383418e+02
5.360000e-06	1.508705e-09	1.448302e-09	8.015808e+00	4.245937e+02
5.370000e-06	1.418023e-09	1.400155e-09	7.534789e+00	4.104704e+02
5.380000e-06	1.327275e-09	1.351170e-09	7.053415e+00	3.960877e+02
5.390000e-06	1.236462e-09	1.301159e-09	6.571721e+00	3.813927e+02
5.400000e-06	1.145588e-09	1.250091e-09	6.089720e+00	3.664061e+02
5.410000e-06	1.054636e-09	1.197547e-09	5.607293e+00	3.510184e+02
5.420000e-06	9.635926e-10	1.143365e-09	5.124320e+00	3.351555e+02
5.430000e-06	8.724582e-10	1.088160e-09	4.640840e+00	3.189637e+02
5.440000e-06	7.812589e-10	1.032198e-09	4.157056e+00	3.025272e+02
5.450000e-06	6.900105e-10	9.755146e-10	3.673028e+00	2.858737e+02
5.460000e-06	5.987122e-10	9.183934e-10	3.188776e+00	2.690914e+02
5.470000e-06	5.073673e-10	8.610964e-10	2.704291e+00	2.522689e+02
5.480000e-06	4.159750e-10	8.037054e-10	2.219559e+00	2.354261e+02
5.490000e-06	3.245513e-10	7.459322e-10	1.734665e+00	2.184631e+02
5.500000e-06	2.331342e-10	6.871166e-10	1.249795e+00	2.012103e+02
5.510000e-06	1.417523e-10	6.273538e-10	7.651183e-01	1.837071e+02
5.520000e-06	5.039372e-11	5.673637e-10	2.805775e-01	1.661149e+02
5.530000e-06	-4.095663e-11	5.073234e-10	-2.039334e-01	1.484615e+02
5.540000e-06	-1.323051e-10	4.474513e-10	-6.884318e-01	1.308472e+02
5.550000e-06	-2.236562e-10	3.878747e-10	-1.172910e+00	1.133365e+02
5.560000e-06	-3.150026e-10	3.278925e-10	-1.657332e+00	9.572088e+01
5.570000e-06	-4.063420e-10	2.667855e-10	-2.141720e+00	7.777017e+01
5.580000e-06	-4.976507e-10	2.043634e-10	-2.625980e+00	5.941838e+01
5.590000e-06	-5.889235e-10	1.404187e-10	-3.110080e+00	4.061740e+01
5.600000e-06	-6.801677e-10	7.444079e-11	-3.594049e+00	2.122067e+01
5.610000e-06	-7.713530e-10	6.450310e-12	-4.077737e+00	1.228392e+00
5.620000e-06	-8.624789e-10	-6.308827e-11	-4.561093e+00	-1.923590e+01
5.630000e-06	-9.535382e-10	-1.344854e-10	-5.044104e+00	-4.026632e+01
5.640000e-06	-1.044500e-09	-2.082898e-10	-5.526631e+00	-6.200376e+01
5.650000e-06	-1.135373e-09	-2.846438e-10	-6.008627e+00	-8.448668e+01
5.660000e-06	-1.226175e-09	-3.635460e-10	-6.490261e+00	-1.077204e+02
5.670000e-06	-1.316901e-09	-4.447952e-10	-6.971545e+00	-1.316360e+02
5.680000e-06	-1.407526e-09	-5.278377e-10	-7.452264e+00	-1.560764e+02
5.690000e-06	-1.498059e-09	-6.119353e-10	-7.932463e+00	-1.808190e+02
5.700000e-06	-1.588515e-09	-6.964205e-10	-8.412278e+00	-2.056386e+02
5.710000e-06	-1.678876e-09	-7.804478e-10	-8.891604e+00	-2.303033e+02
5.720000e-06	-1.769134e-09	-8.632888e-10	-9.370382e+00	-2.546281e+02
5.730000e-06	-1.859281e-09	-9.441315e-10	-9.848609e+00	-2.783787e+02
5.740000e-06	-1.949316e-09	-1.022623e-09	-1.032624e+01	-3.014205e+02
5.750000e-06	-2.039243e-09	-1.099079e-09	-1.080325e+01	-3.238236e+02
5.760000e-06	-2.129028e-09	-1.172505e-09	-1.127958e+01	-3.453353e+02
5.770000e-06	-2.218662e-09	-1.241998e-09	-1.175513e+01	-3.657056e+02
5.780000e-06	-2.308147e-09	-1.308366e-09	-1.222978e+01	-3.851607e+02
5.790000e-06	-2.397461e-09	-1.371997e-09	-1.270342e+01	-4.038143e+02
5.800000e-06	-2.486594e-09	-1.432942e-09	-1.317613e+01	-4.216587e+02
5.810000e-06	-2.575556e-09	-1.491286e-09	-1.364797e+01	-4.387147e+02
5.820000e-06	-2.664355e-09	-1.546286e-09	-1.411899e+01	-4.548199e+02
5.830000e-06	-2.753006e-09	-1.598217e-09	-1.458924e+01	-4.700623e+02
5.840000e-06	-2.841523e-09	-1.648005e-09	-1.505879e+01	-4.846659e+02
5.850000e-06	-2.929887e-09	-1.695349e-09	-1.552753e+01	-4.985458e+02
5.860000e-06	-3.018053e-09	-1.740116e-09	-1.599523e+01	-5.116713e+02
5.870000e-06	-3.105969e-09	-1.782856e-09	-1.646158e+01	-5.242001e+02
5.880000e-06	-3.193643e-09	-1.823859e-09	-1.692660e+01	-5.362212e+02
5.890000e-06	-3.281067e-09	-1.863318e-09	-1.739032e+01	-5.477696e+02
5.900000e-06	-3.368181e-09	-1.901210e-09	-1.785243e+01	-5.588358e+02
5.910000e-06	-3.454973e-09	-1.937241e-09	-1.831277e+01	-5.693674e+02
5.920000e-06	-3.541465e-09	-1.971523e-09	-1.877149e+01	-5.794161e+02
5.930000e-06	-3.627672e-09	-2.004339e-09	-1.922876e+01	-5.890596e+02
5.940000e-06	-3.713607e-09	-2.036018e-09	-1.968457e+01	-5.983588e+02
5.950000e-06	-3.799267e-09	-2.066710e-09	-2.013889e+01	-6.073527e+02
5.960000e-06	-3.884642e-09	-2.095847e-09	-2.059171e+01	-6.158909e+02
5.970000e-06	-3.969735e-09	-2.123328e-09	-2.104303e+01	-6.239343e+02
5.980000e-06	-4.054563e-09	-2.149996e-09	-2.149293e+01	-6.317274e+02
5.990000e-06	-4.139117e-09	-2.175955e-09	-2.194136e+01	-6.392910e+02
6.000000e-06	-4.223361e-09	-2.200585e-09	-2.238818e+01	-6.464580e+02
6.010000e-06	-4.307294e-09	-2.223767e-09	-2.283332e+01	-6.532380e+02
6.020000e-06	-4.390915e-09	-2.245806e-09	-2.327679e+01	-6.597172e+02
6.030000e-06	-4.474213e-09	-2.266857e-09	-2.371863e+01	-6.659054e+02
6.040000e-06	-4.557206e-09	-2.286885e-09	-2.415890e+01	-6.717704e+02
6.050000e-06	-4.639897e-09	-2.306180e-09	-2.459758e+01	-6.773987e+02
6.060000e-06	-4.722280e-09	-2.324916e-09	-2.503461e+01	-6.828567e+02
6.070000e-06	-4.804345e-09	-2.342877e-09	-2.546991e+01	-6.880878e+02
6.080000e-06	-4.886069e-09	-2.360330e-09	-2.590340e+01	-6.931642e+02
6.090000e-06	-4.967460e-09	-2.377694e-09	-2.633513e+01	-6.982126e+02
6.100000e-06	-5.048542e-09	-2.394362e-09	-2.676522e+01	-7.030834e+02
6.110000e-06	-5.129334e-09	-2.409664e-09	-2.719378e+01	-7.075850e+02
6.120000e-06	-5.209825e-09	-2.423980e-09	-2.762073e+01	-7.118043e+02
6.130000e-06	-5.289970e-09	-2.437967e-09	-2.804589e+01	-7.159036e+02
6.140000e-06	-5.369725e-09	-2.451832e-09	-2.846900e+01	-7.199393e+02
6.150000e-06	-5.449043e-09	-2.465434e-09	-2.888976e+01	-7.238807e+02
6.160000e-06	-5.527896e-09	-2.478489e-09	-2.930801e+01	-7.276571e+02
6.170000e-06	-5.606269e-09	-2.490898e-09	-2.972372e+01	-7.312545e+02
6.180000e-06	-5.684157e-09	-2.502868e-09	-3.013689e+01	-7.347370e+02
6.190000e-06	-5.761556e-09	-2.514246e-09	-3.054746e+01	-7.380545e+02
6.200000e-06	-5.838440e-09	-2.524980e-09	-3.095523e+01	-7.411905e+02
6.210000e-06	-5.914789e-09	-2.535187e-09	-3.136013e+01	-7.441648e+02
6.220000e-06	-5.990630e-09	-2.544755e-09	-3.176239e+01	-7.469441e+02
6.230000e-06	-6.066010e-09	-2.553913e-09	-3.216224e+01	-7.495976e+02
6.240000e-06	-6.140955e-09	-2.563166e-09	-3.255982e+01	-7.522651e+02
6.250000e-06	-6.215478e-09	-2.572423e-09	-3.295519e+01	-7.549464e+02
6.260000e-06	-6.289570e-09	-2.581029e-09	-3.334830e+01	-7.574562e+02
6.270000e-06	-6.363226e-09	-2.588958e-09	-3.373908e+01	-7.597629e+02
6.280000e-06	-6.436474e-09	-2.596818e-09	-3.412769e+01	-7.620479e+02
6.290000e-06	-6.509342e-09	-2.604619e-09	-3.451427e+01	-7.643209e+02
6.300000e-06	-6.581821e-09	-2.611885e-09	-3.489875e+01	-7.664315e+02
6.310000e-06	-6.653879e-09	-2.618755e-09	-3.528104e+01	-7.684231e+02
6.320000e-06	-6.725468e-09	-2.625692e-09	-3.566086e+01	-7.704306e+02
6.330000e-06	-6.796525e-09	-2.632802e-09	-3.603785e+01	-7.724856e+02
6.340000e-06	-6.867033e-09	-2.639928e-09	-3.641193e+01	-7.745623e+02
6.350000e-06	-6.936987e-09	-2.646908e-09	-3.678302e+01	-7.766088e+02
6.360000e-06	-7.006380e-09	-2.653329e-09	-3.715113e+01	-7.784782e+02
6.370000e-06	-7.075214e-09	-2.659271e-09	-3.751631e+01	-7.801899e+02
6.380000e-06	-7.143510e-09	-2.665336e-09	-3.787870e+01	-7.819364e+02
6.390000e-06	-7.211308e-09	-2.671358e-09	-3.823848e+01	-7.836831e+02
6.400000e-06	-7.278637e-09	-2.676923e-09	-3.859576e+01	-7.853017e+02
6.410000e-06	-7.345515e-09	-2.682281e-09	-3.895064e+01	-7.868584e+02
6.420000e-06	-7.411946e-09	-2.687640e-09	-3.930311e+01	-7.884129e+02
6.430000e-06	-7.477884e-09	-2.692862e-09	-3.965298e+01	-7.899350e+02
6.440000e-06	-7.543301e-09	-2.697842e-09	-4.000011e+01	-7.913947e+02
6.450000e-06	-7.608211e-09	-2.702402e-09	-4.034454e+01	-7.927167e+02
6.460000e-06	-7.672620e-09	-2.706836e-09	-4.068634e+01	-7.939790e+02
6.470000e-06	-7.736510e-09	-2.711625e-09	-4.102540e+01	-7.953373e+02
6.480000e-06	-7.799843e-09	-2.716596e-09	-4.136148e+01	-7.967738e+02
6.490000e-06	-7.862569e-09	-2.721313e-09	-4.169427e+01	-7.981591e+02
6.500000e-06	-7.924644e-09	-2.725583e-09	-4.202358e+01	-7.994118e+02
6.510000e-06	-7.986071e-09	-2.729503e-09	-4.234949e+01	-8.005447e+02
6.520000e-06	-8.046880e-09	-2.733248e-09	-4.267218e+01	-8.016215e+02
6.530000e-06	-8.107110e-09	-2.736960e-09	-4.299181e+01	-8.027012e+02
6.540000e-06	-8.166808e-09	-2.740710e-09	-4.330860e+01	-8.037891e+02
6.550000e-06	-8.226000e-09	-2.744555e-09	-4.362268e+01	-8.048841e+02
6.560000e-06	-8.284646e-09	-2.748314e-09	-4.393388e+01	-8.059445e+02
6.570000e-06	-8.342708e-09	-2.751845e-09	-4.424204e+01	-8.069495e+02
6.580000e-06	-8.400173e-09	-2.755373e-09	-4.454704e+01	-8.079878e+02
6.590000e-06	-8.457054e-09	-2.758861e-09	-4.484887e+01	-8.090249e+02
6.600000e-06	-8.513383e-09	-2.762207e-09	-4.514770e+01	-8.099974e+02
6.610000e-06	-8.569140e-09	-2.765370e-09	-4.544351e+01	-8.108970e+02
6.620000e-06	-8.624252e-09	-2.768322e-09	-4.573595e+01	-8.117236e+02
6.630000e-06	-8.678614e-09	-2.771426e-09	-4.602438e+01	-8.126040e+02
6.640000e-06	-8.732172e-09	-2.774749e-09	-4.630854e+01	-8.135579e+02
6.650000e-06	-8.784944e-09	-2.777862e-09	-4.658852e+01	-8.144405e+02
6.660000e-06	-8.836980e-09	-2.780716e-09	-4.686459e+01	-8.152448e+02
6.670000e-06	-8.888350e-09	-2.783627e-09	-4.713717e+01	-8.160799e+02
6.680000e-06	-8.939073e-09	-2.786486e-09	-4.740639e+01	-8.169187e+02
6.690000e-06	-8.989089e-09	-2.789198e-09	-4.767192e+01	-8.177146e+02
6.700000e-06	-9.038310e-09	-2.791771e-09	-4.793321e+01	-8.184592e+02
6.710000e-06	-9.086669e-09	-2.793988e-09	-4.818983e+01	-8.190896e+02
6.720000e-06	-9.134194e-09	-2.796080e-09	-4.844198e+01	-8.196762e+02
6.730000e-06	-9.180989e-09	-2.798638e-09	-4.869030e+01	-8.204076e+02
6.740000e-06	-9.227176e-09	-2.801429e-09	-4.893545e+01	-8.212080e+02
6.750000e-06	-9.272815e-09	-2.803916e-09	-4.917764e+01	-8.219156e+02
6.760000e-06	-9.317883e-09	-2.806320e-09	-4.941681e+01	-8.225969e+02
6.770000e-06	-9.362386e-09	-2.808744e-09	-4.965301e+01	-8.232929e+02
6.780000e-06	-9.406366e-09	-2.810963e-09	-4.988642e+01	-8.239513e+02
6.790000e-06	-9.449833e-09	-2.812998e-09	-5.011711e+01	-8.245536e+02
6.800000e-06	-9.492738e-09	-2.814897e-09	-5.034485e+01	-8.251020e+02
6.810000e-06	-9.535023e-09	-2.816681e-09	-5.056929e+01	-8.256084e+02
6.820000e-06	-9.576663e-09	-2.818412e-09	-5.079031e+01	-8.260894e+02
6.830000e-06	-9.617669e-09	-2.820490e-09	-5.100796e+01	-8.266770e+02
6.840000e-06	-9.658081e-09	-2.823026e-09	-5.122243e+01	-8.274038e+02
6.850000e-06	-9.697897e-09	-2.825510e-09	-5.143376e+01	-8.281242e+02
6.860000e-06	-9.737031e-09	-2.827660e-09	-5.164148e+01	-8.287596e+02
6.870000e-06	-9.775333e-09	-2.829405e-09	-5.184481e+01	-8.292772e+02
6.880000e-06	-9.812711e-09	-2.830983e-09	-5.204326e+01	-8.297442e+02
6.890000e-06	-9.849274e-09	-2.832319e-09	-5.223734e+01	-8.301429e+02
6.900000e-06	-9.885185e-09	-2.833298e-09	-5.242796e+01	-8.304238e+02
6.910000e-06	-9.920492e-09	-2.834624e-09	-5.261535e+01	-8.307874e+02
6.920000e-06	-9.955157e-09	-2.836649e-09	-5.279935e+01	-8.313654e+02
6.930000e-06	-9.989136e-09	-2.839019e-09	-5.297969e+01	-8.320531e+02
6.940000e-06	-1.002242e-08	-2.841164e-09	-5.315631e+01	-8.326843e+02
6.950000e-06	-1.005503e-08	-2.842839e-09	-5.332944e+01	-8.331882e+02
6.960000e-06	-1.008706e-08	-2.844079e-09	-5.349948e+01	-8.335623e+02
6.970000e-06	-1.011846e-08	-2.844986e-09	-5.366612e+01	-8.338293e+02
6.980000e-06	-1.014902e-08	-2.845745e-09	-5.382827e+01	-8.340439e+02
6.990000e-06	-1.017856e-08	-2.846458e-09	-5.398510e+01	-8.342447e+02
7.000000e-06	-1.020721e-08	-2.847571e-09	-5.413720e+01	-8.345607e+02
7.010000e-06	-1.023520e-08	-2.849163e-09	-5.428582e+01	-8.350135e+02
7.020000e-06	-1.026259e-08	-2.850851e-09	-5.443124e+01	-8.354999e+02
7.030000e-06	-1.028929e-08	-2.852631e-09	-5.457304e+01	-8.360299e+02
7.040000e-06	-1.031524e-08	-2.854259e-09	-5.471082e+01	-8.365215e+02
7.050000e-06	-1.034044e-08	-2.855349e-09	-5.484457e+01	-8.368551e+02
7.060000e-06	-1.036497e-08	-2.855872e-09	-5.497478e+01	-8.370166e+02
7.070000e-06	-1.038894e-08	-2.856293e-09	-5.510203e+01	-8.371309e+02
7.080000e-06	-1.041229e-08	-2.857048e-09	-5.522604e+01	-8.373354e+02
7.090000e-06	-1.043479e-08	-2.858012e-09	-5.534547e+01	-8.376024e+02
7.100000e-06	-1.045626e-08	-2.859137e-09	-5.545948e+01	-8.379120e+02
7.110000e-06	-1.047685e-08	-2.860466e-09	-5.556876e+01	-8.382863e+02
7.120000e-06	-1.049677e-08	-2.861813e-09	-5.567453e+01	-8.386865e+02
7.130000e-06	-1.051607e-08	-2.863060e-09	-5.577702e+01	-8.390616e+02
7.140000e-06	-1.053469e-08	-2.863943e-09	-5.587589e+01	-8.393314e+02
7.150000e-06	-1.055260e-08	-2.864094e-09	-5.597097e+01	-8.393881e+02
7.160000e-06	-1.056977e-08	-2.863922e-09	-5.606214e+01	-8.393299e+02
7.170000e-06	-1.058626e-08	-2.864146e-09	-5.614969e+01	-8.393624e+02
7.180000e-06	-1.060215e-08	-2.865034e-09	-5.623403e+01	-8.395937e+02
7.190000e-06	-1.061731e-08	-2.866113e-09	-5.631446e+01	-8.399069e+02
7.200000e-06	-1.063141e-08	-2.866780e-09	-5.638936e+01	-8.401122e+02
7.210000e-06	-1.064440e-08	-2.866980e-09	-5.645841e+01	-8.401833e+02
7.220000e-06	-1.065651e-08	-2.867150e-09	-5.652276e+01	-8.402435e+02
7.230000e-06	-1.066788e-08	-2.867689e-09	-5.658312e+01	-8.403904e+02
7.240000e-06	-1.067850e-08	-2.868499e-09	-5.663956e+01	-8.405971e+02
7.250000e-06	-1.068839e-08	-2.869062e-09	-5.669217e+01	-8.407462e+02
7.260000e-06	-1.069753e-08	-2.869398e-09	-5.674080e+01	-8.408309e+02
7.270000e-06	-1.070598e-08	-2.869916e-09	-5.678575e+01	-8.409583e+02
7.280000e-06	-1.071386e-08	-2.870498e-09	-5.682763e+01	-8.411173e+02
7.290000e-06	-1.072101e-08	-2.870969e-09	-5.686568e+01	-8.412625e+02
7.300000e-06	-1.072720e-08	-2.871187e-09	-5.689855e+01	-8.413403e+02
7.310000e-06	-1.073234e-08	-2.871236e-09	-5.692594e+01	-8.413548e+02
7.320000e-06	-1.073666e-08	-2.871434e-09	-5.694898e+01	-8.414051e+02
7.330000e-06	-1.074037e-08	-2.871862e-09	-5.696877e+01	-8.415141e+02
7.340000e-06	-1.074344e-08	-2.872307e-09	-5.698516e+01	-8.416190e+02
7.350000e-06	-1.074584e-08	-2.872451e-09	-5.699792e+01	-8.416513e+02
7.360000e-06	-1.074753e-08	-2.872624e-09	-5.700695e+01	-8.417124e+02
7.370000e-06	-1.074844e-08	-2.873054e-09	-5.701184e+01	-8.418481e+02
