# Temperatura_=_20.471999999999998
# Concentracion g/m^3_=_8100.0
# C_Vs_to_Am_M_A/Vsm_=_254322799225.57578
# pendiente_HvsI_1/m_=_3716.3
# ordenada_HvsI_A/m_=_1297.0
# frecuencia_Hz_=_135199.09312338644
# Promedio de 25 ciclos

Tiempo_(s)	Campo_(V.s)	Magnetizacion_(V.s)	Campo_(kA/m)	Magnetizacion_(A/m)
0.000000e+00	-7.174422e-09	-3.123124e-09	-3.842334e+01	-8.820076e+02
1.000000e-08	-7.174481e-09	-3.123421e-09	-3.842368e+01	-8.820993e+02
2.000000e-08	-7.174218e-09	-3.123459e-09	-3.842225e+01	-8.821078e+02
3.000000e-08	-7.173559e-09	-3.123576e-09	-3.841871e+01	-8.821295e+02
4.000000e-08	-7.172353e-09	-3.123935e-09	-3.841222e+01	-8.822047e+02
5.000000e-08	-7.170446e-09	-3.124351e-09	-3.840186e+01	-8.822900e+02
6.000000e-08	-7.167782e-09	-3.124796e-09	-3.838743e+01	-8.823874e+02
7.000000e-08	-7.164447e-09	-3.125805e-09	-3.836951e+01	-8.825681e+02
8.000000e-08	-7.160562e-09	-3.124431e-09	-3.834866e+01	-8.822467e+02
9.000000e-08	-7.156106e-09	-3.117150e-09	-3.832478e+01	-8.807085e+02
1.000000e-07	-7.150979e-09	-3.114514e-09	-3.829737e+01	-8.800165e+02
1.100000e-07	-7.145280e-09	-3.130262e-09	-3.826686e+01	-8.832282e+02
1.200000e-07	-7.139274e-09	-3.135545e-09	-3.823464e+01	-8.847459e+02
1.300000e-07	-7.133022e-09	-3.116045e-09	-3.820107e+01	-8.808606e+02
1.400000e-07	-7.126298e-09	-3.107966e-09	-3.816505e+01	-8.785863e+02
1.500000e-07	-7.118970e-09	-3.127998e-09	-3.812592e+01	-8.823756e+02
1.600000e-07	-7.111204e-09	-3.136656e-09	-3.808435e+01	-8.848569e+02
1.700000e-07	-7.103150e-09	-3.112407e-09	-3.804111e+01	-8.803131e+02
1.800000e-07	-7.094709e-09	-3.105212e-09	-3.799576e+01	-8.780361e+02
1.900000e-07	-7.085724e-09	-3.128352e-09	-3.794761e+01	-8.823542e+02
2.000000e-07	-7.076218e-09	-3.131923e-09	-3.789667e+01	-8.839132e+02
2.100000e-07	-7.066128e-09	-3.108235e-09	-3.784258e+01	-8.794669e+02
2.200000e-07	-7.055249e-09	-3.110653e-09	-3.778437e+01	-8.791218e+02
2.300000e-07	-7.043615e-09	-3.130552e-09	-3.772205e+01	-8.828780e+02
2.400000e-07	-7.031447e-09	-3.118632e-09	-3.765683e+01	-8.810876e+02
2.500000e-07	-7.018777e-09	-3.100150e-09	-3.758896e+01	-8.772094e+02
2.600000e-07	-7.005506e-09	-3.116050e-09	-3.751791e+01	-8.796768e+02
2.700000e-07	-6.991669e-09	-3.127564e-09	-3.744376e+01	-8.822197e+02
2.800000e-07	-6.977279e-09	-3.108606e-09	-3.736664e+01	-8.788566e+02
2.900000e-07	-6.962212e-09	-3.105692e-09	-3.728590e+01	-8.776606e+02
3.000000e-07	-6.946403e-09	-3.122694e-09	-3.720107e+01	-8.806088e+02
3.100000e-07	-6.929960e-09	-3.114499e-09	-3.711281e+01	-8.795198e+02
3.200000e-07	-6.912984e-09	-3.100183e-09	-3.702184e+01	-8.767119e+02
3.300000e-07	-6.895577e-09	-3.115878e-09	-3.692858e+01	-8.792114e+02
3.400000e-07	-6.877825e-09	-3.121784e-09	-3.683342e+01	-8.805496e+02
3.500000e-07	-6.859658e-09	-3.101113e-09	-3.673612e+01	-8.768033e+02
3.600000e-07	-6.840946e-09	-3.101643e-09	-3.663594e+01	-8.762658e+02
3.700000e-07	-6.821671e-09	-3.117936e-09	-3.653271e+01	-8.790788e+02
3.800000e-07	-6.801970e-09	-3.105359e-09	-3.642722e+01	-8.770065e+02
3.900000e-07	-6.781954e-09	-3.091345e-09	-3.632010e+01	-8.740525e+02
4.000000e-07	-6.761609e-09	-3.104303e-09	-3.621117e+01	-8.759728e+02
4.100000e-07	-6.740862e-09	-3.106771e-09	-3.610006e+01	-8.766837e+02
4.200000e-07	-6.719629e-09	-3.093115e-09	-3.598637e+01	-8.742945e+02
4.300000e-07	-6.697910e-09	-3.095259e-09	-3.587004e+01	-8.740885e+02
4.400000e-07	-6.675745e-09	-3.097081e-09	-3.575134e+01	-8.740107e+02
4.500000e-07	-6.653128e-09	-3.086057e-09	-3.563024e+01	-8.720434e+02
4.600000e-07	-6.630000e-09	-3.087658e-09	-3.550637e+01	-8.721878e+02
4.700000e-07	-6.606409e-09	-3.093818e-09	-3.537999e+01	-8.730179e+02
4.800000e-07	-6.582485e-09	-3.083210e-09	-3.525182e+01	-8.709714e+02
4.900000e-07	-6.558246e-09	-3.078284e-09	-3.512198e+01	-8.698584e+02
5.000000e-07	-6.533580e-09	-3.084213e-09	-3.498988e+01	-8.705516e+02
5.100000e-07	-6.508330e-09	-3.077904e-09	-3.485465e+01	-8.691541e+02
5.200000e-07	-6.482354e-09	-3.070033e-09	-3.471556e+01	-8.675322e+02
5.300000e-07	-6.455624e-09	-3.073051e-09	-3.457243e+01	-8.676947e+02
5.400000e-07	-6.428272e-09	-3.069332e-09	-3.442589e+01	-8.666601e+02
5.500000e-07	-6.400474e-09	-3.062871e-09	-3.427696e+01	-8.653668e+02
5.600000e-07	-6.372351e-09	-3.066441e-09	-3.412630e+01	-8.659103e+02
5.700000e-07	-6.343912e-09	-3.063761e-09	-3.397398e+01	-8.650851e+02
5.800000e-07	-6.315090e-09	-3.053596e-09	-3.381966e+01	-8.628045e+02
5.900000e-07	-6.285828e-09	-3.053160e-09	-3.366299e+01	-8.623981e+02
6.000000e-07	-6.256138e-09	-3.053100e-09	-3.350396e+01	-8.620858e+02
6.100000e-07	-6.226055e-09	-3.044696e-09	-3.334283e+01	-8.601692e+02
6.200000e-07	-6.195566e-09	-3.042515e-09	-3.317952e+01	-8.594646e+02
6.300000e-07	-6.164619e-09	-3.043227e-09	-3.301377e+01	-8.593688e+02
6.400000e-07	-6.133236e-09	-3.036065e-09	-3.284571e+01	-8.576849e+02
6.500000e-07	-6.101512e-09	-3.031200e-09	-3.267581e+01	-8.563705e+02
6.600000e-07	-6.069500e-09	-3.031146e-09	-3.250434e+01	-8.560557e+02
6.700000e-07	-6.037176e-09	-3.024887e-09	-3.233124e+01	-8.544952e+02
6.800000e-07	-6.004422e-09	-3.017817e-09	-3.215585e+01	-8.526549e+02
6.900000e-07	-5.971100e-09	-3.016133e-09	-3.197734e+01	-8.519769e+02
7.000000e-07	-5.937118e-09	-3.012818e-09	-3.179522e+01	-8.510877e+02
7.100000e-07	-5.902447e-09	-3.007189e-09	-3.160946e+01	-8.496455e+02
7.200000e-07	-5.867185e-09	-3.004169e-09	-3.142054e+01	-8.486849e+02
7.300000e-07	-5.831503e-09	-2.999887e-09	-3.122939e+01	-8.475090e+02
7.400000e-07	-5.795539e-09	-2.993217e-09	-3.103676e+01	-8.457601e+02
7.500000e-07	-5.759329e-09	-2.988278e-09	-3.084280e+01	-8.443029e+02
7.600000e-07	-5.722817e-09	-2.984225e-09	-3.064725e+01	-8.430963e+02
7.700000e-07	-5.685916e-09	-2.978487e-09	-3.044963e+01	-8.415755e+02
7.800000e-07	-5.648568e-09	-2.972674e-09	-3.024959e+01	-8.400060e+02
7.900000e-07	-5.610786e-09	-2.967723e-09	-3.004716e+01	-8.386169e+02
8.000000e-07	-5.572608e-09	-2.963043e-09	-2.984257e+01	-8.372895e+02
8.100000e-07	-5.534025e-09	-2.958088e-09	-2.963586e+01	-8.358805e+02
8.200000e-07	-5.495030e-09	-2.952249e-09	-2.942695e+01	-8.342407e+02
8.300000e-07	-5.455662e-09	-2.946081e-09	-2.921605e+01	-8.325199e+02
8.400000e-07	-5.415956e-09	-2.940265e-09	-2.900336e+01	-8.308914e+02
8.500000e-07	-5.375963e-09	-2.934373e-09	-2.878910e+01	-8.292470e+02
8.600000e-07	-5.335719e-09	-2.928180e-09	-2.857356e+01	-8.275210e+02
8.700000e-07	-5.295203e-09	-2.921812e-09	-2.835662e+01	-8.257537e+02
8.800000e-07	-5.254354e-09	-2.914701e-09	-2.813789e+01	-8.238151e+02
8.900000e-07	-5.213074e-09	-2.907794e-09	-2.791683e+01	-8.218852e+02
9.000000e-07	-5.171205e-09	-2.901796e-09	-2.769261e+01	-8.201419e+02
9.100000e-07	-5.128675e-09	-2.895490e-09	-2.746487e+01	-8.183430e+02
9.200000e-07	-5.085584e-09	-2.887871e-09	-2.723401e+01	-8.162404e+02
9.300000e-07	-5.042059e-09	-2.880049e-09	-2.700080e+01	-8.140664e+02
9.400000e-07	-4.998212e-09	-2.872629e-09	-2.676591e+01	-8.119927e+02
9.500000e-07	-4.954103e-09	-2.865392e-09	-2.652967e+01	-8.099616e+02
9.600000e-07	-4.909727e-09	-2.857864e-09	-2.629201e+01	-8.078465e+02
9.700000e-07	-4.865065e-09	-2.850065e-09	-2.605280e+01	-8.056805e+02
9.800000e-07	-4.820090e-09	-2.842521e-09	-2.581190e+01	-8.036005e+02
9.900000e-07	-4.774781e-09	-2.835326e-09	-2.556920e+01	-8.015632e+02
1.000000e-06	-4.729145e-09	-2.827367e-09	-2.532472e+01	-7.993010e+02
1.010000e-06	-4.683189e-09	-2.818376e-09	-2.507855e+01	-7.967865e+02
1.020000e-06	-4.636935e-09	-2.809136e-09	-2.483082e+01	-7.942181e+02
1.030000e-06	-4.590382e-09	-2.800299e-09	-2.458148e+01	-7.917458e+02
1.040000e-06	-4.543506e-09	-2.791655e-09	-2.433047e+01	-7.893206e+02
1.050000e-06	-4.496282e-09	-2.783002e-09	-2.407761e+01	-7.868755e+02
1.060000e-06	-4.448721e-09	-2.774123e-09	-2.382284e+01	-7.843569e+02
1.070000e-06	-4.400894e-09	-2.764808e-09	-2.356663e+01	-7.817408e+02
1.080000e-06	-4.352856e-09	-2.755207e-09	-2.330929e+01	-7.790621e+02
1.090000e-06	-4.304571e-09	-2.745486e-09	-2.305066e+01	-7.763206e+02
1.100000e-06	-4.255988e-09	-2.735448e-09	-2.279054e+01	-7.734697e+02
1.110000e-06	-4.207077e-09	-2.724983e-09	-2.252868e+01	-7.705201e+02
1.120000e-06	-4.157765e-09	-2.714379e-09	-2.226466e+01	-7.675526e+02
1.130000e-06	-4.107991e-09	-2.703764e-09	-2.199813e+01	-7.645717e+02
1.140000e-06	-4.057747e-09	-2.692819e-09	-2.172906e+01	-7.614787e+02
1.150000e-06	-4.007053e-09	-2.681239e-09	-2.145758e+01	-7.582073e+02
1.160000e-06	-3.955958e-09	-2.669203e-09	-2.118395e+01	-7.548184e+02
1.170000e-06	-3.904519e-09	-2.656767e-09	-2.090850e+01	-7.513463e+02
1.180000e-06	-3.852775e-09	-2.644608e-09	-2.063140e+01	-7.479332e+02
1.190000e-06	-3.800749e-09	-2.632970e-09	-2.035275e+01	-7.446115e+02
1.200000e-06	-3.748454e-09	-2.620840e-09	-2.007268e+01	-7.411447e+02
1.210000e-06	-3.695870e-09	-2.607365e-09	-1.979107e+01	-7.373561e+02
1.220000e-06	-3.642988e-09	-2.593254e-09	-1.950795e+01	-7.334142e+02
1.230000e-06	-3.589831e-09	-2.579485e-09	-1.922336e+01	-7.295296e+02
1.240000e-06	-3.536422e-09	-2.565899e-09	-1.893738e+01	-7.256678e+02
1.250000e-06	-3.482765e-09	-2.551748e-09	-1.865009e+01	-7.216604e+02
1.260000e-06	-3.428866e-09	-2.536974e-09	-1.836150e+01	-7.174980e+02
1.270000e-06	-3.374764e-09	-2.521692e-09	-1.807178e+01	-7.132263e+02
1.280000e-06	-3.320478e-09	-2.506335e-09	-1.778100e+01	-7.088927e+02
1.290000e-06	-3.265965e-09	-2.490936e-09	-1.748905e+01	-7.044840e+02
1.300000e-06	-3.211193e-09	-2.474656e-09	-1.719577e+01	-6.998604e+02
1.310000e-06	-3.156174e-09	-2.457405e-09	-1.690115e+01	-6.950321e+02
1.320000e-06	-3.100937e-09	-2.440208e-09	-1.660538e+01	-6.902214e+02
1.330000e-06	-3.045487e-09	-2.423156e-09	-1.630848e+01	-6.853990e+02
1.340000e-06	-2.989826e-09	-2.405330e-09	-1.601045e+01	-6.803233e+02
1.350000e-06	-2.933994e-09	-2.386399e-09	-1.571150e+01	-6.749549e+02
1.360000e-06	-2.878021e-09	-2.366808e-09	-1.541178e+01	-6.694396e+02
1.370000e-06	-2.821922e-09	-2.346955e-09	-1.511134e+01	-6.638746e+02
1.380000e-06	-2.765713e-09	-2.326839e-09	-1.481031e+01	-6.581967e+02
1.390000e-06	-2.709396e-09	-2.306238e-09	-1.450872e+01	-6.523244e+02
1.400000e-06	-2.652957e-09	-2.285149e-09	-1.420649e+01	-6.463426e+02
1.410000e-06	-2.596378e-09	-2.263589e-09	-1.390352e+01	-6.403003e+02
1.420000e-06	-2.539612e-09	-2.241455e-09	-1.359956e+01	-6.341005e+02
1.430000e-06	-2.482636e-09	-2.218638e-09	-1.329445e+01	-6.276571e+02
1.440000e-06	-2.425450e-09	-2.194896e-09	-1.298822e+01	-6.209304e+02
1.450000e-06	-2.368009e-09	-2.170467e-09	-1.268065e+01	-6.140211e+02
1.460000e-06	-2.310286e-09	-2.145837e-09	-1.237159e+01	-6.070831e+02
1.470000e-06	-2.252279e-09	-2.121058e-09	-1.206102e+01	-6.001047e+02
1.480000e-06	-2.193946e-09	-2.095648e-09	-1.174870e+01	-5.929108e+02
1.490000e-06	-2.135300e-09	-2.068966e-09	-1.143474e+01	-5.853375e+02
1.500000e-06	-2.076398e-09	-2.040843e-09	-1.111938e+01	-5.773967e+02
1.510000e-06	-2.017257e-09	-2.012187e-09	-1.080271e+01	-5.693267e+02
1.520000e-06	-1.957908e-09	-1.983220e-09	-1.048495e+01	-5.611453e+02
1.530000e-06	-1.898394e-09	-1.953331e-09	-1.016632e+01	-5.526617e+02
1.540000e-06	-1.838760e-09	-1.922294e-09	-9.847002e+00	-5.438388e+02
1.550000e-06	-1.779030e-09	-1.890360e-09	-9.527126e+00	-5.347882e+02
1.560000e-06	-1.719213e-09	-1.857757e-09	-9.206780e+00	-5.255863e+02
1.570000e-06	-1.659319e-09	-1.824387e-09	-8.886023e+00	-5.161817e+02
1.580000e-06	-1.599359e-09	-1.790208e-09	-8.564880e+00	-5.065215e+02
1.590000e-06	-1.539331e-09	-1.755205e-09	-8.243380e+00	-4.965976e+02
1.600000e-06	-1.479232e-09	-1.719348e-09	-7.921524e+00	-4.864332e+02
1.610000e-06	-1.419079e-09	-1.683087e-09	-7.599372e+00	-4.761914e+02
1.620000e-06	-1.358863e-09	-1.646461e-09	-7.276884e+00	-4.658619e+02
1.630000e-06	-1.298580e-09	-1.608855e-09	-6.954042e+00	-4.552275e+02
1.640000e-06	-1.238242e-09	-1.570395e-09	-6.630890e+00	-4.443346e+02
1.650000e-06	-1.177840e-09	-1.531740e-09	-6.307453e+00	-4.334007e+02
1.660000e-06	-1.117381e-09	-1.492597e-09	-5.983741e+00	-4.223463e+02
1.670000e-06	-1.056875e-09	-1.452303e-09	-5.659775e+00	-4.109596e+02
1.680000e-06	-9.963227e-10	-1.411055e-09	-5.335548e+00	-3.992819e+02
1.690000e-06	-9.357215e-10	-1.369305e-09	-5.011064e+00	-3.874533e+02
1.700000e-06	-8.750756e-10	-1.327219e-09	-4.686321e+00	-3.755400e+02
1.710000e-06	-8.143740e-10	-1.284954e-09	-4.361233e+00	-3.635876e+02
1.720000e-06	-7.536061e-10	-1.242314e-09	-4.035793e+00	-3.515309e+02
1.730000e-06	-6.927783e-10	-1.199043e-09	-3.710058e+00	-3.392613e+02
1.740000e-06	-6.319149e-10	-1.155370e-09	-3.384092e+00	-3.268465e+02
1.750000e-06	-5.710018e-10	-1.111204e-09	-3.057895e+00	-3.143233e+02
1.760000e-06	-5.100208e-10	-1.066092e-09	-2.731333e+00	-3.015835e+02
1.770000e-06	-4.489855e-10	-1.020209e-09	-2.404412e+00	-2.886379e+02
1.780000e-06	-3.879131e-10	-9.743383e-10	-2.077372e+00	-2.756448e+02
1.790000e-06	-3.268158e-10	-9.287101e-10	-1.750248e+00	-2.626881e+02
1.800000e-06	-2.656966e-10	-8.832147e-10	-1.423017e+00	-2.497899e+02
1.810000e-06	-2.045724e-10	-8.379504e-10	-1.095760e+00	-2.369635e+02
1.820000e-06	-1.434664e-10	-7.925667e-10	-7.685540e-01	-2.240751e+02
1.830000e-06	-8.236723e-11	-7.462422e-10	-4.413736e-01	-2.109135e+02
1.840000e-06	-2.126246e-11	-6.989478e-10	-1.141554e-01	-1.975170e+02
1.850000e-06	3.983440e-11	-6.516391e-10	2.130570e-01	-1.841538e+02
1.860000e-06	1.009254e-10	-6.047146e-10	5.402425e-01	-1.709032e+02
1.870000e-06	1.620163e-10	-5.575251e-10	8.673650e-01	-1.575536e+02
1.880000e-06	2.231064e-10	-5.099270e-10	1.194482e+00	-1.440498e+02
1.890000e-06	2.841919e-10	-4.622674e-10	1.521613e+00	-1.305117e+02
1.900000e-06	3.452585e-10	-4.144605e-10	1.848622e+00	-1.169592e+02
1.910000e-06	4.062952e-10	-3.661121e-10	2.175452e+00	-1.032899e+02
1.920000e-06	4.672943e-10	-3.168234e-10	2.502080e+00	-8.936106e+01
1.930000e-06	5.282576e-10	-2.667442e-10	2.828542e+00	-7.519297e+01
1.940000e-06	5.891730e-10	-2.162783e-10	3.154806e+00	-6.092254e+01
1.950000e-06	6.500246e-10	-1.652082e-10	3.480718e+00	-4.651502e+01
1.960000e-06	7.108463e-10	-1.133722e-10	3.806403e+00	-3.186154e+01
1.970000e-06	7.716294e-10	-6.088011e-11	4.131877e+00	-1.693895e+01
1.980000e-06	8.323426e-10	-7.244849e-12	4.456954e+00	-1.668571e+00
1.990000e-06	8.929982e-10	4.802339e-11	4.781709e+00	1.402946e+01
2.000000e-06	9.536002e-10	1.044835e-10	5.106208e+00	3.004580e+01
2.010000e-06	1.014149e-09	1.620732e-10	5.430444e+00	4.637926e+01
2.020000e-06	1.074662e-09	2.213354e-10	5.754494e+00	6.319683e+01
2.030000e-06	1.135133e-09	2.821917e-10	6.078357e+00	8.049359e+01
2.040000e-06	1.195544e-09	3.442503e-10	6.401951e+00	9.813183e+01
2.050000e-06	1.255899e-09	4.074788e-10	6.725223e+00	1.160539e+02
2.060000e-06	1.316196e-09	4.719303e-10	7.048166e+00	1.343001e+02
2.070000e-06	1.376432e-09	5.372622e-10	7.370774e+00	1.528209e+02
2.080000e-06	1.436615e-09	6.029418e-10	7.693063e+00	1.714342e+02
2.090000e-06	1.496739e-09	6.687739e-10	8.015017e+00	1.900525e+02
2.100000e-06	1.556789e-09	7.345311e-10	8.336583e+00	2.086332e+02
2.110000e-06	1.616759e-09	7.994708e-10	8.657742e+00	2.270268e+02
2.120000e-06	1.676646e-09	8.635681e-10	8.978446e+00	2.452283e+02
2.130000e-06	1.736455e-09	9.274437e-10	9.298706e+00	2.633533e+02
2.140000e-06	1.796178e-09	9.908147e-10	9.618532e+00	2.813059e+02
2.150000e-06	1.855802e-09	1.052921e-09	9.937873e+00	2.988865e+02
2.160000e-06	1.915303e-09	1.113667e-09	1.025651e+01	3.160784e+02
2.170000e-06	1.974649e-09	1.173115e-09	1.057424e+01	3.329115e+02
2.180000e-06	2.033819e-09	1.231255e-09	1.089098e+01	3.493704e+02
2.190000e-06	2.092784e-09	1.287628e-09	1.120665e+01	3.653041e+02
2.200000e-06	2.151508e-09	1.341396e-09	1.152110e+01	3.804951e+02
2.210000e-06	2.209961e-09	1.392959e-09	1.183414e+01	3.950872e+02
2.220000e-06	2.268136e-09	1.443465e-09	1.214568e+01	4.094002e+02
2.230000e-06	2.326000e-09	1.492965e-09	1.245553e+01	4.234240e+02
2.240000e-06	2.383554e-09	1.541079e-09	1.276375e+01	4.370267e+02
2.250000e-06	2.440814e-09	1.588081e-09	1.307039e+01	4.502813e+02
2.260000e-06	2.497798e-09	1.633920e-09	1.337561e+01	4.632122e+02
2.270000e-06	2.554569e-09	1.677705e-09	1.367969e+01	4.755935e+02
2.280000e-06	2.611164e-09	1.719184e-09	1.398281e+01	4.873297e+02
2.290000e-06	2.667601e-09	1.758982e-09	1.428508e+01	4.985785e+02
2.300000e-06	2.723892e-09	1.797552e-09	1.458656e+01	5.094705e+02
2.310000e-06	2.780056e-09	1.835277e-09	1.488736e+01	5.201307e+02
2.320000e-06	2.836097e-09	1.872606e-09	1.518748e+01	5.306850e+02
2.330000e-06	2.892008e-09	1.909421e-09	1.548694e+01	5.410754e+02
2.340000e-06	2.947785e-09	1.944854e-09	1.578569e+01	5.510581e+02
2.350000e-06	3.003384e-09	1.978557e-09	1.608346e+01	5.605636e+02
2.360000e-06	3.058769e-09	2.010886e-09	1.638003e+01	5.697206e+02
2.370000e-06	3.113928e-09	2.042116e-09	1.667539e+01	5.785870e+02
2.380000e-06	3.168864e-09	2.072421e-09	1.696953e+01	5.871628e+02
2.390000e-06	3.223589e-09	2.101732e-09	1.726251e+01	5.954337e+02
2.400000e-06	3.278100e-09	2.129991e-09	1.755439e+01	6.034066e+02
2.410000e-06	3.332402e-09	2.157405e-09	1.784518e+01	6.111427e+02
2.420000e-06	3.386500e-09	2.184255e-09	1.813488e+01	6.187228e+02
2.430000e-06	3.440373e-09	2.210291e-09	1.842338e+01	6.260779e+02
2.440000e-06	3.494008e-09	2.234954e-09	1.871060e+01	6.330546e+02
2.450000e-06	3.547396e-09	2.258615e-09	1.899650e+01	6.397499e+02
2.460000e-06	3.600510e-09	2.282009e-09	1.928096e+01	6.463663e+02
2.470000e-06	3.653340e-09	2.305488e-09	1.956388e+01	6.529805e+02
2.480000e-06	3.705891e-09	2.328570e-09	1.984533e+01	6.594565e+02
2.490000e-06	3.758175e-09	2.350411e-09	2.012537e+01	6.656032e+02
2.500000e-06	3.810188e-09	2.371104e-09	2.040391e+01	6.714548e+02
2.510000e-06	3.861911e-09	2.391330e-09	2.068084e+01	6.771884e+02
2.520000e-06	3.913304e-09	2.411526e-09	2.095598e+01	6.829002e+02
2.530000e-06	3.964306e-09	2.431484e-09	2.122906e+01	6.885098e+02
2.540000e-06	4.014870e-09	2.450850e-09	2.149985e+01	6.939458e+02
2.550000e-06	4.064967e-09	2.469764e-09	2.176812e+01	6.992632e+02
2.560000e-06	4.114595e-09	2.488081e-09	2.203384e+01	7.044221e+02
2.570000e-06	4.163767e-09	2.505447e-09	2.229714e+01	7.093114e+02
2.580000e-06	4.212557e-09	2.521916e-09	2.255842e+01	7.139331e+02
2.590000e-06	4.261059e-09	2.537748e-09	2.281816e+01	7.183932e+02
2.600000e-06	4.309330e-09	2.553171e-09	2.307667e+01	7.227533e+02
2.610000e-06	4.357392e-09	2.568129e-09	2.333407e+01	7.269793e+02
2.620000e-06	4.405223e-09	2.582792e-09	2.359025e+01	7.311145e+02
2.630000e-06	4.452784e-09	2.597445e-09	2.384496e+01	7.352221e+02
2.640000e-06	4.500012e-09	2.611885e-09	2.409793e+01	7.392502e+02
2.650000e-06	4.546887e-09	2.625656e-09	2.434907e+01	7.431032e+02
2.660000e-06	4.593410e-09	2.638737e-09	2.459830e+01	7.467765e+02
2.670000e-06	4.639615e-09	2.651526e-09	2.484580e+01	7.503566e+02
2.680000e-06	4.685525e-09	2.663927e-09	2.509173e+01	7.538253e+02
2.690000e-06	4.731150e-09	2.675722e-09	2.533608e+01	7.571372e+02
2.700000e-06	4.776465e-09	2.687267e-09	2.557878e+01	7.603863e+02
2.710000e-06	4.821438e-09	2.698939e-09	2.581969e+01	7.636609e+02
2.720000e-06	4.866109e-09	2.710654e-09	2.605896e+01	7.669249e+02
2.730000e-06	4.910515e-09	2.721939e-09	2.629680e+01	7.700606e+02
2.740000e-06	4.954701e-09	2.732600e-09	2.653349e+01	7.730356e+02
2.750000e-06	4.998697e-09	2.742766e-09	2.676912e+01	7.758958e+02
2.760000e-06	5.042438e-09	2.752818e-09	2.700340e+01	7.787328e+02
2.770000e-06	5.085810e-09	2.763005e-09	2.723572e+01	7.815847e+02
2.780000e-06	5.128701e-09	2.772828e-09	2.746544e+01	7.843280e+02
2.790000e-06	5.170995e-09	2.782098e-09	2.769201e+01	7.869315e+02
2.800000e-06	5.212655e-09	2.791083e-09	2.791526e+01	7.894656e+02
2.810000e-06	5.253739e-09	2.799969e-09	2.813546e+01	7.919725e+02
2.820000e-06	5.294382e-09	2.808887e-09	2.835324e+01	7.944706e+02
2.830000e-06	5.334722e-09	2.817572e-09	2.856931e+01	7.968959e+02
2.840000e-06	5.374824e-09	2.826207e-09	2.878409e+01	7.993051e+02
2.850000e-06	5.414675e-09	2.835098e-09	2.899753e+01	8.017869e+02
2.860000e-06	5.454220e-09	2.843783e-09	2.920933e+01	8.042205e+02
2.870000e-06	5.493397e-09	2.852014e-09	2.941919e+01	8.065266e+02
2.880000e-06	5.532170e-09	2.859873e-09	2.962691e+01	8.087244e+02
2.890000e-06	5.570541e-09	2.867282e-09	2.983243e+01	8.107975e+02
2.900000e-06	5.608513e-09	2.874573e-09	3.003576e+01	8.128388e+02
2.910000e-06	5.646070e-09	2.882372e-09	3.023690e+01	8.150042e+02
2.920000e-06	5.683221e-09	2.890231e-09	3.043588e+01	8.171767e+02
2.930000e-06	5.719984e-09	2.897421e-09	3.063278e+01	8.191829e+02
2.940000e-06	5.756414e-09	2.904464e-09	3.082790e+01	8.211579e+02
2.950000e-06	5.792592e-09	2.911691e-09	3.102166e+01	8.231712e+02
2.960000e-06	5.828529e-09	2.918703e-09	3.121413e+01	8.251105e+02
2.970000e-06	5.864149e-09	2.925622e-09	3.140491e+01	8.270187e+02
2.980000e-06	5.899328e-09	2.932308e-09	3.159326e+01	8.288775e+02
2.990000e-06	5.933922e-09	2.938369e-09	3.177848e+01	8.305817e+02
3.000000e-06	5.967822e-09	2.944299e-09	3.196005e+01	8.322499e+02
3.010000e-06	6.001036e-09	2.950559e-09	3.213794e+01	8.339978e+02
3.020000e-06	6.033714e-09	2.956761e-09	3.231294e+01	8.357111e+02
3.030000e-06	6.066037e-09	2.962411e-09	3.248602e+01	8.372737e+02
3.040000e-06	6.098087e-09	2.967619e-09	3.265764e+01	8.387398e+02
3.050000e-06	6.129811e-09	2.972965e-09	3.282757e+01	8.402428e+02
3.060000e-06	6.161123e-09	2.978769e-09	3.299537e+01	8.418438e+02
3.070000e-06	6.191997e-09	2.984516e-09	3.316080e+01	8.434336e+02
3.080000e-06	6.222433e-09	2.989662e-09	3.332382e+01	8.448910e+02
3.090000e-06	6.252432e-09	2.994469e-09	3.348448e+01	8.462482e+02
3.100000e-06	6.281998e-09	2.999267e-09	3.364282e+01	8.475742e+02
3.110000e-06	6.311126e-09	3.004069e-09	3.379885e+01	8.488976e+02
3.120000e-06	6.339863e-09	3.008822e-09	3.395277e+01	8.502214e+02
3.130000e-06	6.368282e-09	3.013285e-09	3.410497e+01	8.514784e+02
3.140000e-06	6.396431e-09	3.017356e-09	3.425569e+01	8.526319e+02
3.150000e-06	6.424290e-09	3.021583e-09	3.440491e+01	8.538155e+02
3.160000e-06	6.451717e-09	3.026269e-09	3.455185e+01	8.550956e+02
3.170000e-06	6.478522e-09	3.030859e-09	3.469543e+01	8.563405e+02
3.180000e-06	6.504582e-09	3.034644e-09	3.483503e+01	8.573958e+02
3.190000e-06	6.529885e-09	3.037865e-09	3.497061e+01	8.583238e+02
3.200000e-06	6.554588e-09	3.041314e-09	3.510294e+01	8.592994e+02
3.210000e-06	6.578871e-09	3.044913e-09	3.523295e+01	8.602950e+02
3.220000e-06	6.602797e-09	3.048489e-09	3.536102e+01	8.612812e+02
3.230000e-06	6.626324e-09	3.052010e-09	3.548701e+01	8.622615e+02
3.240000e-06	6.649384e-09	3.055173e-09	3.561055e+01	8.631580e+02
3.250000e-06	6.671985e-09	3.058320e-09	3.573160e+01	8.640374e+02
3.260000e-06	6.694147e-09	3.061979e-09	3.585027e+01	8.650220e+02
3.270000e-06	6.715865e-09	3.065715e-09	3.596654e+01	8.660223e+02
3.280000e-06	6.737126e-09	3.068733e-09	3.608037e+01	8.668752e+02
3.290000e-06	6.757935e-09	3.071208e-09	3.619183e+01	8.676173e+02
3.300000e-06	6.778370e-09	3.074019e-09	3.630128e+01	8.684132e+02
3.310000e-06	6.798494e-09	3.077175e-09	3.640904e+01	8.692649e+02
3.320000e-06	6.818280e-09	3.080152e-09	3.651499e+01	8.700809e+02
3.330000e-06	6.837611e-09	3.082660e-09	3.661854e+01	8.708043e+02
3.340000e-06	6.856380e-09	3.084685e-09	3.671910e+01	8.714057e+02
3.350000e-06	6.874576e-09	3.087119e-09	3.681657e+01	8.720790e+02
3.360000e-06	6.892249e-09	3.090415e-09	3.691125e+01	8.729431e+02
3.370000e-06	6.909500e-09	3.093298e-09	3.700365e+01	8.736980e+02
3.380000e-06	6.926368e-09	3.095117e-09	3.709395e+01	8.742189e+02
3.390000e-06	6.942768e-09	3.096737e-09	3.718169e+01	8.747207e+02
3.400000e-06	6.958559e-09	3.098494e-09	3.726622e+01	8.752415e+02
3.410000e-06	6.973710e-09	3.100290e-09	3.734738e+01	8.757353e+02
3.420000e-06	6.988286e-09	3.102140e-09	3.742548e+01	8.762424e+02
3.430000e-06	7.002332e-09	3.103872e-09	3.750077e+01	8.767350e+02
3.440000e-06	7.015866e-09	3.105503e-09	3.757329e+01	8.771943e+02
3.450000e-06	7.028880e-09	3.107341e-09	3.764297e+01	8.776916e+02
3.460000e-06	7.041407e-09	3.109626e-09	3.771006e+01	8.782940e+02
3.470000e-06	7.053479e-09	3.111914e-09	3.777468e+01	8.789127e+02
3.480000e-06	7.065024e-09	3.113558e-09	3.783648e+01	8.793992e+02
3.490000e-06	7.075890e-09	3.114655e-09	3.789469e+01	8.797501e+02
3.500000e-06	7.085981e-09	3.115722e-09	3.794884e+01	8.800532e+02
3.510000e-06	7.095322e-09	3.116941e-09	3.799896e+01	8.803555e+02
3.520000e-06	7.104054e-09	3.118159e-09	3.804573e+01	8.806663e+02
3.530000e-06	7.112355e-09	3.119317e-09	3.809014e+01	8.809866e+02
3.540000e-06	7.120298e-09	3.120439e-09	3.813265e+01	8.813022e+02
3.550000e-06	7.127845e-09	3.121834e-09	3.817312e+01	8.816703e+02
3.560000e-06	7.134899e-09	3.123519e-09	3.821095e+01	8.821067e+02
3.570000e-06	7.141428e-09	3.124557e-09	3.824594e+01	8.824014e+02
3.580000e-06	7.147468e-09	3.124692e-09	3.827834e+01	8.824676e+02
3.590000e-06	7.152991e-09	3.124823e-09	3.830795e+01	8.824995e+02
3.600000e-06	7.157994e-09	3.125437e-09	3.833476e+01	8.826307e+02
3.610000e-06	7.162562e-09	3.126330e-09	3.835922e+01	8.828407e+02
3.620000e-06	7.166798e-09	3.126961e-09	3.838187e+01	8.830138e+02
3.630000e-06	7.170711e-09	3.127068e-09	3.840281e+01	8.830805e+02
3.640000e-06	7.174160e-09	3.127304e-09	3.842133e+01	8.831680e+02
3.650000e-06	7.176965e-09	3.127869e-09	3.843647e+01	8.833027e+02
3.660000e-06	7.179009e-09	3.128164e-09	3.844755e+01	8.833552e+02
3.670000e-06	7.180302e-09	3.128452e-09	3.845459e+01	8.834365e+02
3.680000e-06	7.181004e-09	3.128931e-09	3.845839e+01	8.835789e+02
3.690000e-06	7.181291e-09	3.128995e-09	3.845987e+01	8.835962e+02
3.700000e-06	7.181235e-09	3.128905e-09	3.845955e+01	8.835764e+02
3.710000e-06	7.180767e-09	3.129010e-09	3.845705e+01	8.835925e+02
3.720000e-06	7.179795e-09	3.128362e-09	3.845183e+01	8.834113e+02
3.730000e-06	7.178341e-09	3.127028e-09	3.844399e+01	8.830726e+02
3.740000e-06	7.176449e-09	3.126501e-09	3.843385e+01	8.829270e+02
3.750000e-06	7.174105e-09	3.127040e-09	3.842132e+01	8.830383e+02
3.760000e-06	7.171285e-09	3.126557e-09	3.840623e+01	8.829984e+02
3.770000e-06	7.168004e-09	3.126439e-09	3.838867e+01	8.830489e+02
3.780000e-06	7.164251e-09	3.134581e-09	3.836852e+01	8.847379e+02
3.790000e-06	7.159827e-09	3.139210e-09	3.834478e+01	8.858375e+02
3.800000e-06	7.154491e-09	3.118012e-09	3.831621e+01	8.814593e+02
3.810000e-06	7.148400e-09	3.107515e-09	3.828362e+01	8.785488e+02
3.820000e-06	7.141959e-09	3.127511e-09	3.824920e+01	8.822372e+02
3.830000e-06	7.135280e-09	3.137707e-09	3.821355e+01	8.849562e+02
3.840000e-06	7.128154e-09	3.117198e-09	3.817552e+01	8.812382e+02
3.850000e-06	7.120494e-09	3.104016e-09	3.813458e+01	8.778626e+02
3.860000e-06	7.112472e-09	3.127181e-09	3.809162e+01	8.820395e+02
3.870000e-06	7.104113e-09	3.139691e-09	3.804685e+01	8.853707e+02
3.880000e-06	7.095220e-09	3.116380e-09	3.799924e+01	8.811354e+02
3.890000e-06	7.085714e-09	3.104361e-09	3.794834e+01	8.777565e+02
3.900000e-06	7.075758e-09	3.125952e-09	3.789503e+01	8.814128e+02
3.910000e-06	7.065433e-09	3.130511e-09	3.783977e+01	8.831541e+02
3.920000e-06	7.054587e-09	3.107539e-09	3.778179e+01	8.790130e+02
3.930000e-06	7.043123e-09	3.108567e-09	3.772043e+01	8.782770e+02
3.940000e-06	7.031089e-09	3.129829e-09	3.765596e+01	8.820276e+02
3.950000e-06	7.018409e-09	3.120187e-09	3.758803e+01	8.808105e+02
3.960000e-06	7.004909e-09	3.097665e-09	3.751577e+01	8.764079e+02
3.970000e-06	6.990598e-09	3.112493e-09	3.743914e+01	8.785812e+02
3.980000e-06	6.975657e-09	3.132306e-09	3.735911e+01	8.827023e+02
3.990000e-06	6.960257e-09	3.112219e-09	3.727667e+01	8.792739e+02
4.000000e-06	6.944475e-09	3.096798e-09	3.719214e+01	8.754217e+02
4.010000e-06	6.928308e-09	3.114353e-09	3.710559e+01	8.780448e+02
4.020000e-06	6.911689e-09	3.113997e-09	3.701671e+01	8.786454e+02
4.030000e-06	6.894559e-09	3.095720e-09	3.692499e+01	8.756070e+02
4.040000e-06	6.876936e-09	3.108768e-09	3.683054e+01	8.775101e+02
4.050000e-06	6.858874e-09	3.126398e-09	3.673380e+01	8.808542e+02
4.060000e-06	6.840352e-09	3.105720e-09	3.663464e+01	8.772201e+02
4.070000e-06	6.821328e-09	3.091761e-09	3.653277e+01	8.737697e+02
4.080000e-06	6.801882e-09	3.108127e-09	3.642863e+01	8.762078e+02
4.090000e-06	6.782107e-09	3.104505e-09	3.632271e+01	8.760867e+02
4.100000e-06	6.761973e-09	3.087105e-09	3.621489e+01	8.731208e+02
4.110000e-06	6.741371e-09	3.101890e-09	3.610462e+01	8.753873e+02
4.120000e-06	6.720140e-09	3.113697e-09	3.599108e+01	8.777580e+02
4.130000e-06	6.698177e-09	3.095126e-09	3.587358e+01	8.746907e+02
4.140000e-06	6.675511e-09	3.094381e-09	3.575218e+01	8.740012e+02
4.150000e-06	6.652272e-09	3.105543e-09	3.562763e+01	8.755914e+02
4.160000e-06	6.628616e-09	3.090062e-09	3.550084e+01	8.728612e+02
4.170000e-06	6.604618e-09	3.082103e-09	3.537229e+01	8.711249e+02
4.180000e-06	6.580254e-09	3.092299e-09	3.524184e+01	8.724281e+02
4.190000e-06	6.555452e-09	3.083776e-09	3.510905e+01	8.708265e+02
4.200000e-06	6.530175e-09	3.075546e-09	3.497368e+01	8.693360e+02
4.210000e-06	6.504431e-09	3.083478e-09	3.483578e+01	8.702942e+02
4.220000e-06	6.478210e-09	3.076875e-09	3.469534e+01	8.687234e+02
4.230000e-06	6.451490e-09	3.066538e-09	3.455224e+01	8.667762e+02
4.240000e-06	6.424313e-09	3.073126e-09	3.440663e+01	8.676586e+02
4.250000e-06	6.396769e-09	3.069131e-09	3.425901e+01	8.664150e+02
4.260000e-06	6.368937e-09	3.057510e-09	3.410986e+01	8.639938e+02
4.270000e-06	6.340781e-09	3.061927e-09	3.395907e+01	8.646106e+02
4.280000e-06	6.312171e-09	3.060400e-09	3.380599e+01	8.639873e+02
4.290000e-06	6.282967e-09	3.047220e-09	3.364975e+01	8.611504e+02
4.300000e-06	6.253085e-09	3.048341e-09	3.348986e+01	8.610409e+02
4.310000e-06	6.222535e-09	3.050130e-09	3.332632e+01	8.611082e+02
4.320000e-06	6.191411e-09	3.038996e-09	3.315961e+01	8.586415e+02
4.330000e-06	6.159855e-09	3.036192e-09	3.299058e+01	8.576903e+02
4.340000e-06	6.127949e-09	3.038755e-09	3.281971e+01	8.579266e+02
4.350000e-06	6.095688e-09	3.030504e-09	3.264692e+01	8.560802e+02
4.360000e-06	6.063010e-09	3.024622e-09	3.247195e+01	8.544791e+02
4.370000e-06	6.029890e-09	3.024600e-09	3.229460e+01	8.541207e+02
4.380000e-06	5.996365e-09	3.017652e-09	3.211499e+01	8.524954e+02
4.390000e-06	5.962449e-09	3.010316e-09	3.193331e+01	8.505636e+02
4.400000e-06	5.928124e-09	3.008966e-09	3.174944e+01	8.498583e+02
4.410000e-06	5.893377e-09	3.005126e-09	3.156329e+01	8.488647e+02
4.420000e-06	5.858241e-09	2.998934e-09	3.137503e+01	8.472615e+02
4.430000e-06	5.822783e-09	2.995342e-09	3.118503e+01	8.461059e+02
4.440000e-06	5.787074e-09	2.991159e-09	3.099372e+01	8.449622e+02
4.450000e-06	5.751103e-09	2.985096e-09	3.080108e+01	8.433546e+02
4.460000e-06	5.714755e-09	2.979338e-09	3.060653e+01	8.416974e+02
4.470000e-06	5.677898e-09	2.974031e-09	3.040925e+01	8.402084e+02
4.480000e-06	5.640391e-09	2.968447e-09	3.020842e+01	8.386781e+02
4.490000e-06	5.602222e-09	2.962787e-09	3.000404e+01	8.370822e+02
4.500000e-06	5.563483e-09	2.957305e-09	2.979659e+01	8.355609e+02
4.510000e-06	5.524268e-09	2.952634e-09	2.958655e+01	8.342434e+02
4.520000e-06	5.484690e-09	2.947615e-09	2.937452e+01	8.328331e+02
4.530000e-06	5.444817e-09	2.941207e-09	2.916095e+01	8.310706e+02
4.540000e-06	5.404656e-09	2.934429e-09	2.894587e+01	8.291519e+02
4.550000e-06	5.364175e-09	2.928009e-09	2.872908e+01	8.273142e+02
4.560000e-06	5.323336e-09	2.921128e-09	2.851037e+01	8.254319e+02
4.570000e-06	5.282115e-09	2.914564e-09	2.828960e+01	8.236110e+02
4.580000e-06	5.240534e-09	2.908854e-09	2.806689e+01	8.219738e+02
4.590000e-06	5.198625e-09	2.902754e-09	2.784241e+01	8.202798e+02
4.600000e-06	5.156378e-09	2.896015e-09	2.761615e+01	8.184335e+02
4.610000e-06	5.113764e-09	2.889697e-09	2.738791e+01	8.166369e+02
4.620000e-06	5.070778e-09	2.882951e-09	2.715767e+01	8.147201e+02
4.630000e-06	5.027464e-09	2.874888e-09	2.692565e+01	8.124741e+02
4.640000e-06	4.983883e-09	2.866798e-09	2.669216e+01	8.102105e+02
4.650000e-06	4.940062e-09	2.859435e-09	2.645738e+01	8.081525e+02
4.660000e-06	4.895988e-09	2.852215e-09	2.622126e+01	8.061614e+02
4.670000e-06	4.851612e-09	2.845065e-09	2.598360e+01	8.041616e+02
4.680000e-06	4.806868e-09	2.837517e-09	2.574402e+01	8.020235e+02
4.690000e-06	4.761714e-09	2.828955e-09	2.550223e+01	7.996177e+02
4.700000e-06	4.716170e-09	2.820085e-09	2.525832e+01	7.971155e+02
4.710000e-06	4.670292e-09	2.811482e-09	2.501258e+01	7.946788e+02
4.720000e-06	4.624131e-09	2.803108e-09	2.476532e+01	7.923153e+02
4.730000e-06	4.577714e-09	2.794417e-09	2.451667e+01	7.898704e+02
4.740000e-06	4.531044e-09	2.784854e-09	2.426675e+01	7.871981e+02
4.750000e-06	4.484072e-09	2.774717e-09	2.401526e+01	7.843894e+02
4.760000e-06	4.436759e-09	2.765048e-09	2.376195e+01	7.816810e+02
4.770000e-06	4.389093e-09	2.755761e-09	2.350678e+01	7.790257e+02
4.780000e-06	4.341027e-09	2.745928e-09	2.324944e+01	7.762134e+02
4.790000e-06	4.292528e-09	2.735126e-09	2.298980e+01	7.731815e+02
4.800000e-06	4.243623e-09	2.724053e-09	2.272798e+01	7.700931e+02
4.810000e-06	4.194380e-09	2.713242e-09	2.246421e+01	7.670800e+02
4.820000e-06	4.144839e-09	2.702423e-09	2.219879e+01	7.640757e+02
4.830000e-06	4.094995e-09	2.691223e-09	2.193176e+01	7.609501e+02
4.840000e-06	4.044836e-09	2.679455e-09	2.166306e+01	7.576400e+02
4.850000e-06	3.994370e-09	2.667004e-09	2.139272e+01	7.541318e+02
4.860000e-06	3.943610e-09	2.654769e-09	2.112083e+01	7.506633e+02
4.870000e-06	3.892559e-09	2.643270e-09	2.084734e+01	7.473893e+02
4.880000e-06	3.841229e-09	2.631731e-09	2.057235e+01	7.441106e+02
4.890000e-06	3.789642e-09	2.619087e-09	2.029597e+01	7.405526e+02
4.900000e-06	3.737793e-09	2.605440e-09	2.001821e+01	7.367481e+02
4.910000e-06	3.685661e-09	2.591962e-09	1.973900e+01	7.329749e+02
4.920000e-06	3.633236e-09	2.578956e-09	1.945824e+01	7.292859e+02
4.930000e-06	3.580487e-09	2.565399e-09	1.917576e+01	7.254415e+02
4.940000e-06	3.527363e-09	2.550421e-09	1.889138e+01	7.212303e+02
4.950000e-06	3.473827e-09	2.534597e-09	1.860488e+01	7.167821e+02
4.960000e-06	3.419881e-09	2.519207e-09	1.831613e+01	7.124404e+02
4.970000e-06	3.365568e-09	2.504652e-09	1.802530e+01	7.083251e+02
4.980000e-06	3.310920e-09	2.489940e-09	1.773255e+01	7.041623e+02
4.990000e-06	3.255944e-09	2.473954e-09	1.743802e+01	6.996572e+02
5.000000e-06	3.200704e-09	2.456866e-09	1.714210e+01	6.948634e+02
5.010000e-06	3.145266e-09	2.439693e-09	1.684506e+01	6.900262e+02
5.020000e-06	3.089650e-09	2.422726e-09	1.654708e+01	6.852235e+02
5.030000e-06	3.033878e-09	2.405327e-09	1.624832e+01	6.803016e+02
5.040000e-06	2.977957e-09	2.386927e-09	1.594879e+01	6.751349e+02
5.050000e-06	2.921890e-09	2.368175e-09	1.564848e+01	6.698678e+02
5.060000e-06	2.865658e-09	2.349842e-09	1.534732e+01	6.646786e+02
5.070000e-06	2.809242e-09	2.331571e-09	1.504520e+01	6.594943e+02
5.080000e-06	2.752636e-09	2.312263e-09	1.474206e+01	6.540335e+02
5.090000e-06	2.695839e-09	2.291568e-09	1.443790e+01	6.482182e+02
5.100000e-06	2.638860e-09	2.270242e-09	1.413275e+01	6.422361e+02
5.110000e-06	2.581704e-09	2.249062e-09	1.382664e+01	6.362624e+02
5.120000e-06	2.524376e-09	2.227758e-09	1.351958e+01	6.302382e+02
5.130000e-06	2.466870e-09	2.205442e-09	1.321162e+01	6.239441e+02
5.140000e-06	2.409182e-09	2.181893e-09	1.290272e+01	6.173053e+02
5.150000e-06	2.351329e-09	2.157668e-09	1.259286e+01	6.104499e+02
5.160000e-06	2.293299e-09	2.132976e-09	1.228208e+01	6.034663e+02
5.170000e-06	2.235085e-09	2.107895e-09	1.197034e+01	5.963794e+02
5.180000e-06	2.176694e-09	2.081931e-09	1.165767e+01	5.890605e+02
5.190000e-06	2.118145e-09	2.054810e-09	1.134410e+01	5.814337e+02
5.200000e-06	2.059448e-09	2.027154e-09	1.102965e+01	5.736106e+02
5.210000e-06	2.000593e-09	1.998623e-09	1.071439e+01	5.655146e+02
5.220000e-06	1.941596e-09	1.968905e-09	1.039844e+01	5.570938e+02
5.230000e-06	1.882476e-09	1.938280e-09	1.008182e+01	5.484253e+02
5.240000e-06	1.823249e-09	1.906762e-09	9.764614e+00	5.395364e+02
5.250000e-06	1.763915e-09	1.874686e-09	9.446825e+00	5.305078e+02
5.260000e-06	1.704481e-09	1.842863e-09	9.128445e+00	5.215012e+02
5.270000e-06	1.644972e-09	1.810736e-09	8.809621e+00	5.123915e+02
5.280000e-06	1.585390e-09	1.777228e-09	8.490389e+00	5.029309e+02
5.290000e-06	1.525738e-09	1.742481e-09	8.170772e+00	4.931086e+02
5.300000e-06	1.466019e-09	1.706943e-09	7.850826e+00	4.830176e+02
5.310000e-06	1.406236e-09	1.670822e-09	7.530558e+00	4.727613e+02
5.320000e-06	1.346390e-09	1.634087e-09	7.209958e+00	4.623765e+02
5.330000e-06	1.286472e-09	1.596636e-09	6.889004e+00	4.518239e+02
5.340000e-06	1.226493e-09	1.558591e-09	6.567752e+00	4.410986e+02
5.350000e-06	1.166471e-09	1.520040e-09	6.246262e+00	4.302064e+02
5.360000e-06	1.106387e-09	1.481233e-09	5.924470e+00	4.191970e+02
5.370000e-06	1.046248e-09	1.442093e-09	5.602420e+00	4.080556e+02
5.380000e-06	9.860755e-10	1.401733e-09	5.280221e+00	3.965895e+02
5.390000e-06	9.258542e-10	1.360058e-09	4.957796e+00	3.847884e+02
5.400000e-06	8.655818e-10	1.318106e-09	4.635003e+00	3.729068e+02
5.410000e-06	8.052423e-10	1.276185e-09	4.311789e+00	3.610243e+02
5.420000e-06	7.448333e-10	1.233613e-09	3.988264e+00	3.489836e+02
5.430000e-06	6.843640e-10	1.189986e-09	3.664487e+00	3.366799e+02
5.440000e-06	6.238266e-10	1.145628e-09	3.340341e+00	3.241616e+02
5.450000e-06	5.632340e-10	1.101185e-09	3.015853e+00	3.115706e+02
5.460000e-06	5.026002e-10	1.057026e-09	2.691169e+00	2.990177e+02
5.470000e-06	4.419093e-10	1.012901e-09	2.366214e+00	2.864733e+02
5.480000e-06	3.811711e-10	9.678697e-10	2.040977e+00	2.737174e+02
5.490000e-06	3.204094e-10	9.214945e-10	1.715600e+00	2.606302e+02
5.500000e-06	2.596262e-10	8.749826e-10	1.390114e+00	2.475065e+02
5.510000e-06	1.988188e-10	8.294648e-10	1.064509e+00	2.346377e+02
5.520000e-06	1.380009e-10	7.841518e-10	7.388959e-01	2.218155e+02
5.530000e-06	7.719661e-11	7.377834e-10	4.133559e-01	2.087074e+02
5.540000e-06	1.638954e-11	6.907612e-10	8.775518e-02	1.954081e+02
5.550000e-06	-4.442200e-11	6.442123e-10	-2.378387e-01	1.822128e+02
5.560000e-06	-1.052370e-10	5.979422e-10	-5.633584e-01	1.690987e+02
5.570000e-06	-1.660609e-10	5.512943e-10	-8.889167e-01	1.559110e+02
5.580000e-06	-2.268773e-10	5.040366e-10	-1.214488e+00	1.425831e+02
5.590000e-06	-2.876743e-10	4.561091e-10	-1.539976e+00	1.290731e+02
5.600000e-06	-3.484317e-10	4.080146e-10	-1.865232e+00	1.154761e+02
5.610000e-06	-4.091527e-10	3.602089e-10	-2.190321e+00	1.019127e+02
5.620000e-06	-4.698377e-10	3.121922e-10	-2.515276e+00	8.829364e+01
5.630000e-06	-5.304606e-10	2.630578e-10	-2.839954e+00	7.439300e+01
5.640000e-06	-5.910252e-10	2.127010e-10	-3.164326e+00	6.015361e+01
5.650000e-06	-6.515334e-10	1.620294e-10	-3.488390e+00	4.580804e+01
5.660000e-06	-7.119723e-10	1.115314e-10	-3.812106e+00	3.148936e+01
5.670000e-06	-7.723532e-10	6.024890e-11	-4.135447e+00	1.693026e+01
5.680000e-06	-8.326668e-10	6.996182e-12	-4.458390e+00	1.816419e+00
5.690000e-06	-8.929034e-10	-4.833542e-11	-4.780948e+00	-1.386721e+01
5.700000e-06	-9.530899e-10	-1.048849e-10	-5.103241e+00	-2.991023e+01
5.710000e-06	-1.013224e-09	-1.621321e-10	-5.425275e+00	-4.617555e+01
5.720000e-06	-1.073289e-09	-2.204812e-10	-5.747015e+00	-6.274047e+01
5.730000e-06	-1.133302e-09	-2.807289e-10	-6.068497e+00	-7.981453e+01
5.740000e-06	-1.193273e-09	-3.428684e-10	-6.389725e+00	-9.741776e+01
5.750000e-06	-1.253192e-09	-4.057431e-10	-6.710682e+00	-1.152708e+02
5.760000e-06	-1.313053e-09	-4.689788e-10	-7.031378e+00	-1.332578e+02
5.770000e-06	-1.372851e-09	-5.329541e-10	-7.351765e+00	-1.514134e+02
5.780000e-06	-1.432584e-09	-5.977136e-10	-7.671784e+00	-1.697358e+02
5.790000e-06	-1.492262e-09	-6.631681e-10	-7.991515e+00	-1.882537e+02
5.800000e-06	-1.551880e-09	-7.287242e-10	-8.310908e+00	-2.068184e+02
5.810000e-06	-1.611422e-09	-7.934779e-10	-8.629842e+00	-2.251651e+02
5.820000e-06	-1.670884e-09	-8.574916e-10	-8.948378e+00	-2.433146e+02
5.830000e-06	-1.730267e-09	-9.215611e-10	-9.266484e+00	-2.614602e+02
5.840000e-06	-1.789544e-09	-9.855771e-10	-9.583986e+00	-2.795699e+02
5.850000e-06	-1.848715e-09	-1.048184e-09	-9.900882e+00	-2.973189e+02
5.860000e-06	-1.907776e-09	-1.108550e-09	-1.021717e+01	-3.144696e+02
5.870000e-06	-1.966685e-09	-1.167315e-09	-1.053266e+01	-3.311359e+02
5.880000e-06	-2.025434e-09	-1.225163e-09	-1.084730e+01	-3.474925e+02
5.890000e-06	-2.084035e-09	-1.281793e-09	-1.116112e+01	-3.635077e+02
5.900000e-06	-2.142470e-09	-1.336426e-09	-1.147408e+01	-3.789786e+02
5.910000e-06	-2.200729e-09	-1.388612e-09	-1.178612e+01	-3.937564e+02
5.920000e-06	-2.258814e-09	-1.438724e-09	-1.209725e+01	-4.079377e+02
5.930000e-06	-2.316735e-09	-1.487861e-09	-1.240752e+01	-4.218226e+02
5.940000e-06	-2.374491e-09	-1.536297e-09	-1.271689e+01	-4.355101e+02
5.950000e-06	-2.432055e-09	-1.583054e-09	-1.302527e+01	-4.487658e+02
5.960000e-06	-2.489445e-09	-1.627667e-09	-1.333273e+01	-4.614322e+02
5.970000e-06	-2.546672e-09	-1.670712e-09	-1.363925e+01	-4.736132e+02
5.980000e-06	-2.603702e-09	-1.712629e-09	-1.394468e+01	-4.854366e+02
5.990000e-06	-2.660530e-09	-1.752982e-09	-1.424903e+01	-4.968330e+02
6.000000e-06	-2.717176e-09	-1.791484e-09	-1.455239e+01	-5.077440e+02
6.010000e-06	-2.773630e-09	-1.828713e-09	-1.485474e+01	-5.183013e+02
6.020000e-06	-2.829894e-09	-1.865267e-09	-1.515614e+01	-5.286389e+02
6.030000e-06	-2.885987e-09	-1.901291e-09	-1.545664e+01	-5.387903e+02
6.040000e-06	-2.941923e-09	-1.936487e-09	-1.575634e+01	-5.487147e+02
6.050000e-06	-2.997733e-09	-1.970369e-09	-1.605534e+01	-5.582945e+02
6.060000e-06	-3.053404e-09	-2.002739e-09	-1.635357e+01	-5.674509e+02
6.070000e-06	-3.108934e-09	-2.033958e-09	-1.665105e+01	-5.762700e+02
6.080000e-06	-3.164288e-09	-2.064664e-09	-1.694758e+01	-5.849274e+02
6.090000e-06	-3.219403e-09	-2.094942e-09	-1.724281e+01	-5.934695e+02
6.100000e-06	-3.274259e-09	-2.124110e-09	-1.753657e+01	-6.017345e+02
6.110000e-06	-3.328789e-09	-2.151840e-09	-1.782844e+01	-6.096080e+02
6.120000e-06	-3.382923e-09	-2.178665e-09	-1.811819e+01	-6.171793e+02
6.130000e-06	-3.436647e-09	-2.204956e-09	-1.840577e+01	-6.245569e+02
6.140000e-06	-3.489957e-09	-2.230080e-09	-1.869114e+01	-6.316396e+02
6.150000e-06	-3.542889e-09	-2.253493e-09	-1.897450e+01	-6.382955e+02
6.160000e-06	-3.595472e-09	-2.276141e-09	-1.925602e+01	-6.447155e+02
6.170000e-06	-3.647743e-09	-2.299423e-09	-1.953593e+01	-6.512543e+02
6.180000e-06	-3.699738e-09	-2.323108e-09	-1.981444e+01	-6.578814e+02
6.190000e-06	-3.751480e-09	-2.345581e-09	-2.009161e+01	-6.641964e+02
6.200000e-06	-3.803004e-09	-2.366016e-09	-2.036756e+01	-6.699945e+02
6.210000e-06	-3.854285e-09	-2.384836e-09	-2.064219e+01	-6.753623e+02
6.220000e-06	-3.905273e-09	-2.403021e-09	-2.091530e+01	-6.805201e+02
6.230000e-06	-3.955950e-09	-2.421801e-09	-2.118676e+01	-6.857960e+02
6.240000e-06	-4.006318e-09	-2.441290e-09	-2.145657e+01	-6.912429e+02
6.250000e-06	-4.056398e-09	-2.460282e-09	-2.172483e+01	-6.965614e+02
6.260000e-06	-4.106186e-09	-2.478694e-09	-2.199151e+01	-7.017235e+02
6.270000e-06	-4.155655e-09	-2.497100e-09	-2.225647e+01	-7.068692e+02
6.280000e-06	-4.204744e-09	-2.514720e-09	-2.251932e+01	-7.118110e+02
6.290000e-06	-4.253382e-09	-2.530612e-09	-2.277969e+01	-7.163203e+02
6.300000e-06	-4.301533e-09	-2.545051e-09	-2.303741e+01	-7.204543e+02
6.310000e-06	-4.349212e-09	-2.559445e-09	-2.329263e+01	-7.245394e+02
6.320000e-06	-4.396476e-09	-2.574785e-09	-2.354569e+01	-7.288276e+02
6.330000e-06	-4.443404e-09	-2.590739e-09	-2.379700e+01	-7.332567e+02
6.340000e-06	-4.490026e-09	-2.606329e-09	-2.404678e+01	-7.375844e+02
6.350000e-06	-4.536376e-09	-2.620713e-09	-2.429509e+01	-7.416222e+02
6.360000e-06	-4.582519e-09	-2.634032e-09	-2.454226e+01	-7.454066e+02
6.370000e-06	-4.628451e-09	-2.646991e-09	-2.478831e+01	-7.490721e+02
6.380000e-06	-4.674114e-09	-2.659751e-09	-2.503289e+01	-7.526443e+02
6.390000e-06	-4.719433e-09	-2.671879e-09	-2.527559e+01	-7.560413e+02
6.400000e-06	-4.764391e-09	-2.683357e-09	-2.551634e+01	-7.592751e+02
6.410000e-06	-4.809004e-09	-2.694594e-09	-2.575521e+01	-7.624332e+02
6.420000e-06	-4.853297e-09	-2.705999e-09	-2.599245e+01	-7.656194e+02
6.430000e-06	-4.897334e-09	-2.717758e-09	-2.622840e+01	-7.688888e+02
6.440000e-06	-4.941154e-09	-2.729146e-09	-2.646320e+01	-7.720591e+02
6.450000e-06	-4.984765e-09	-2.739522e-09	-2.669688e+01	-7.749715e+02
6.460000e-06	-5.028139e-09	-2.749205e-09	-2.692921e+01	-7.777019e+02
6.470000e-06	-5.071198e-09	-2.758992e-09	-2.715973e+01	-7.804304e+02
6.480000e-06	-5.113877e-09	-2.768945e-09	-2.738831e+01	-7.831862e+02
6.490000e-06	-5.156185e-09	-2.778361e-09	-2.761497e+01	-7.858054e+02
6.500000e-06	-5.198148e-09	-2.787346e-09	-2.783975e+01	-7.883237e+02
6.510000e-06	-5.239785e-09	-2.796438e-09	-2.806282e+01	-7.908876e+02
6.520000e-06	-5.281084e-09	-2.805538e-09	-2.828403e+01	-7.934428e+02
6.530000e-06	-5.321982e-09	-2.814526e-09	-2.850307e+01	-7.959514e+02
6.540000e-06	-5.362485e-09	-2.823423e-09	-2.872001e+01	-7.984279e+02
6.550000e-06	-5.402659e-09	-2.831848e-09	-2.893517e+01	-8.007748e+02
6.560000e-06	-5.442555e-09	-2.839626e-09	-2.914888e+01	-8.029422e+02
6.570000e-06	-5.482203e-09	-2.847118e-09	-2.936132e+01	-8.050131e+02
6.580000e-06	-5.521574e-09	-2.854590e-09	-2.957226e+01	-8.070786e+02
6.590000e-06	-5.560575e-09	-2.861849e-09	-2.978119e+01	-8.091143e+02
6.600000e-06	-5.599069e-09	-2.868999e-09	-2.998736e+01	-8.111335e+02
6.610000e-06	-5.636911e-09	-2.876346e-09	-3.019003e+01	-8.132056e+02
6.620000e-06	-5.674085e-09	-2.883885e-09	-3.038916e+01	-8.153165e+02
6.630000e-06	-5.710685e-09	-2.891197e-09	-3.058525e+01	-8.173406e+02
6.640000e-06	-5.746861e-09	-2.897616e-09	-3.077907e+01	-8.191304e+02
6.650000e-06	-5.782738e-09	-2.903470e-09	-3.097127e+01	-8.207836e+02
6.660000e-06	-5.818359e-09	-2.909412e-09	-3.116209e+01	-8.224473e+02
6.670000e-06	-5.853688e-09	-2.915568e-09	-3.135132e+01	-8.241430e+02
6.680000e-06	-5.888658e-09	-2.922200e-09	-3.153855e+01	-8.259529e+02
6.690000e-06	-5.923192e-09	-2.928860e-09	-3.172344e+01	-8.277976e+02
6.700000e-06	-5.957262e-09	-2.934807e-09	-3.190592e+01	-8.294816e+02
6.710000e-06	-5.990914e-09	-2.940413e-09	-3.208618e+01	-8.310697e+02
6.720000e-06	-6.024154e-09	-2.946302e-09	-3.226419e+01	-8.327176e+02
6.730000e-06	-6.056958e-09	-2.952127e-09	-3.243983e+01	-8.343312e+02
6.740000e-06	-6.089335e-09	-2.957438e-09	-3.261320e+01	-8.358026e+02
6.750000e-06	-6.121350e-09	-2.962402e-09	-3.278468e+01	-8.371893e+02
6.760000e-06	-6.153053e-09	-2.967552e-09	-3.295448e+01	-8.386129e+02
6.770000e-06	-6.184393e-09	-2.973083e-09	-3.312230e+01	-8.401223e+02
6.780000e-06	-6.215240e-09	-2.978359e-09	-3.328747e+01	-8.415788e+02
6.790000e-06	-6.245455e-09	-2.983259e-09	-3.344924e+01	-8.429541e+02
6.800000e-06	-6.274973e-09	-2.987792e-09	-3.360727e+01	-8.442560e+02
6.810000e-06	-6.303846e-09	-2.992261e-09	-3.376187e+01	-8.455413e+02
6.820000e-06	-6.332195e-09	-2.997230e-09	-3.391367e+01	-8.469062e+02
6.830000e-06	-6.360174e-09	-3.002320e-09	-3.406354e+01	-8.482716e+02
6.840000e-06	-6.387876e-09	-3.006663e-09	-3.421195e+01	-8.494691e+02
6.850000e-06	-6.415257e-09	-3.009732e-09	-3.435860e+01	-8.503588e+02
6.860000e-06	-6.442214e-09	-3.012528e-09	-3.450298e+01	-8.511737e+02
6.870000e-06	-6.468683e-09	-3.016245e-09	-3.464476e+01	-8.522230e+02
6.880000e-06	-6.494679e-09	-3.020702e-09	-3.478399e+01	-8.534594e+02
6.890000e-06	-6.520224e-09	-3.025282e-09	-3.492076e+01	-8.547256e+02
6.900000e-06	-6.545287e-09	-3.029743e-09	-3.505494e+01	-8.559644e+02
6.910000e-06	-6.569866e-09	-3.033983e-09	-3.518653e+01	-8.571336e+02
6.920000e-06	-6.594028e-09	-3.037562e-09	-3.531598e+01	-8.581125e+02
6.930000e-06	-6.617891e-09	-3.040471e-09	-3.544386e+01	-8.589222e+02
6.940000e-06	-6.641463e-09	-3.043067e-09	-3.557014e+01	-8.596768e+02
6.950000e-06	-6.664613e-09	-3.045766e-09	-3.569413e+01	-8.604748e+02
6.960000e-06	-6.687198e-09	-3.049359e-09	-3.581500e+01	-8.614812e+02
6.970000e-06	-6.709072e-09	-3.053602e-09	-3.593200e+01	-8.626307e+02
6.980000e-06	-6.730186e-09	-3.057536e-09	-3.604496e+01	-8.636981e+02
6.990000e-06	-6.750666e-09	-3.060775e-09	-3.615465e+01	-8.646003e+02
7.000000e-06	-6.770716e-09	-3.063480e-09	-3.626212e+01	-8.653691e+02
7.010000e-06	-6.790469e-09	-3.066144e-09	-3.636797e+01	-8.661048e+02
7.020000e-06	-6.809884e-09	-3.068920e-09	-3.647197e+01	-8.668548e+02
7.030000e-06	-6.828844e-09	-3.071406e-09	-3.657352e+01	-8.675499e+02
7.040000e-06	-6.847303e-09	-3.073842e-09	-3.667240e+01	-8.682662e+02
7.050000e-06	-6.865305e-09	-3.076753e-09	-3.676885e+01	-8.691044e+02
7.060000e-06	-6.882886e-09	-3.079913e-09	-3.686299e+01	-8.699646e+02
7.070000e-06	-6.900016e-09	-3.082937e-09	-3.695465e+01	-8.707549e+02
7.080000e-06	-6.916661e-09	-3.085713e-09	-3.704377e+01	-8.714893e+02
7.090000e-06	-6.932869e-09	-3.088198e-09	-3.713061e+01	-8.721654e+02
7.100000e-06	-6.948730e-09	-3.090463e-09	-3.721557e+01	-8.727814e+02
7.110000e-06	-6.964226e-09	-3.092699e-09	-3.729854e+01	-8.733913e+02
7.120000e-06	-6.979172e-09	-3.094715e-09	-3.737852e+01	-8.739642e+02
7.130000e-06	-6.993349e-09	-3.096271e-09	-3.745435e+01	-8.744300e+02
7.140000e-06	-7.006702e-09	-3.097374e-09	-3.752579e+01	-8.747743e+02
7.150000e-06	-7.019353e-09	-3.098512e-09	-3.759352e+01	-8.751189e+02
7.160000e-06	-7.031470e-09	-3.100413e-09	-3.765843e+01	-8.756259e+02
7.170000e-06	-7.043131e-09	-3.102927e-09	-3.772094e+01	-8.762694e+02
7.180000e-06	-7.054284e-09	-3.105274e-09	-3.778071e+01	-8.769068e+02
7.190000e-06	-7.064892e-09	-3.107203e-09	-3.783750e+01	-8.774702e+02
7.200000e-06	-7.075006e-09	-3.108877e-09	-3.789166e+01	-8.779539e+02
7.210000e-06	-7.084667e-09	-3.110006e-09	-3.794340e+01	-8.782757e+02
7.220000e-06	-7.093861e-09	-3.110299e-09	-3.799261e+01	-8.783766e+02
7.230000e-06	-7.102557e-09	-3.110487e-09	-3.803913e+01	-8.784493e+02
7.240000e-06	-7.110796e-09	-3.111488e-09	-3.808324e+01	-8.787297e+02
7.250000e-06	-7.118690e-09	-3.113385e-09	-3.812551e+01	-8.792428e+02
7.260000e-06	-7.126254e-09	-3.115472e-09	-3.816597e+01	-8.798098e+02
7.270000e-06	-7.133336e-09	-3.116941e-09	-3.820383e+01	-8.802221e+02
7.280000e-06	-7.139757e-09	-3.117681e-09	-3.823811e+01	-8.804512e+02
7.290000e-06	-7.145424e-09	-3.118060e-09	-3.826834e+01	-8.805794e+02
7.300000e-06	-7.150341e-09	-3.118280e-09	-3.829461e+01	-8.806529e+02
7.310000e-06	-7.154653e-09	-3.118456e-09	-3.831769e+01	-8.807057e+02
7.320000e-06	-7.158579e-09	-3.118778e-09	-3.833871e+01	-8.807893e+02
7.330000e-06	-7.162185e-09	-3.119469e-09	-3.835802e+01	-8.809794e+02
7.340000e-06	-7.165374e-09	-3.120633e-09	-3.837510e+01	-8.813031e+02
7.350000e-06	-7.168065e-09	-3.121836e-09	-3.838952e+01	-8.816291e+02
7.360000e-06	-7.170275e-09	-3.122458e-09	-3.840133e+01	-8.817881e+02
7.370000e-06	-7.172059e-09	-3.122534e-09	-3.841083e+01	-8.818060e+02
7.380000e-06	-7.173366e-09	-3.122447e-09	-3.841772e+01	-8.817973e+02
7.390000e-06	-7.174097e-09	-3.122642e-09	-3.842157e+01	-8.818641e+02
