# Temperatura_=_19.316000000000003
# Concentracion g/m^3_=_8100.0
# C_Vs_to_Am_M_A/Vsm_=_254322799225.57578
# pendiente_HvsI_1/m_=_3716.3
# ordenada_HvsI_A/m_=_1297.0
# frecuencia_Hz_=_135198.05345619214
# Promedio de 25 ciclos

Tiempo_(s)	Campo_(V.s)	Magnetizacion_(V.s)	Campo_(kA/m)	Magnetizacion_(A/m)
0.000000e+00	-7.143052e-09	-3.539018e-09	-3.842603e+01	-9.565299e+02
1.000000e-08	-7.143200e-09	-3.539533e-09	-3.842681e+01	-9.567121e+02
2.000000e-08	-7.143024e-09	-3.539458e-09	-3.842589e+01	-9.567158e+02
3.000000e-08	-7.142451e-09	-3.539407e-09	-3.842280e+01	-9.566556e+02
4.000000e-08	-7.141324e-09	-3.539795e-09	-3.841664e+01	-9.567090e+02
5.000000e-08	-7.139481e-09	-3.540416e-09	-3.840660e+01	-9.568907e+02
6.000000e-08	-7.136893e-09	-3.541303e-09	-3.839254e+01	-9.571813e+02
7.000000e-08	-7.133671e-09	-3.542310e-09	-3.837507e+01	-9.575980e+02
8.000000e-08	-7.129903e-09	-3.540333e-09	-3.835479e+01	-9.573351e+02
9.000000e-08	-7.125561e-09	-3.532192e-09	-3.833151e+01	-9.547135e+02
1.000000e-07	-7.120554e-09	-3.528110e-09	-3.830462e+01	-9.522978e+02
1.100000e-07	-7.114962e-09	-3.540914e-09	-3.827445e+01	-9.562555e+02
1.200000e-07	-7.109040e-09	-3.552843e-09	-3.824255e+01	-9.620522e+02
1.300000e-07	-7.102868e-09	-3.537359e-09	-3.820943e+01	-9.575381e+02
1.400000e-07	-7.096251e-09	-3.518700e-09	-3.817389e+01	-9.492285e+02
1.500000e-07	-7.089054e-09	-3.535072e-09	-3.813512e+01	-9.539382e+02
1.600000e-07	-7.081411e-09	-3.555492e-09	-3.809390e+01	-9.632366e+02
1.700000e-07	-7.073446e-09	-3.537282e-09	-3.805102e+01	-9.577703e+02
1.800000e-07	-7.065070e-09	-3.515459e-09	-3.800593e+01	-9.477819e+02
1.900000e-07	-7.056171e-09	-3.534617e-09	-3.795795e+01	-9.539395e+02
2.000000e-07	-7.046751e-09	-3.556220e-09	-3.790714e+01	-9.639449e+02
2.100000e-07	-7.036762e-09	-3.537566e-09	-3.785336e+01	-9.575846e+02
2.200000e-07	-7.026022e-09	-3.523050e-09	-3.779551e+01	-9.500314e+02
2.300000e-07	-7.014543e-09	-3.543995e-09	-3.773356e+01	-9.579721e+02
2.400000e-07	-7.002522e-09	-3.551124e-09	-3.766878e+01	-9.629165e+02
2.500000e-07	-6.989988e-09	-3.527615e-09	-3.760132e+01	-9.535683e+02
2.600000e-07	-6.976869e-09	-3.526700e-09	-3.753066e+01	-9.513646e+02
2.700000e-07	-6.963176e-09	-3.547727e-09	-3.745687e+01	-9.605882e+02
2.800000e-07	-6.948948e-09	-3.539782e-09	-3.738030e+01	-9.590993e+02
2.900000e-07	-6.934073e-09	-3.521305e-09	-3.730034e+01	-9.506237e+02
3.000000e-07	-6.918421e-09	-3.532051e-09	-3.721603e+01	-9.544431e+02
3.100000e-07	-6.902097e-09	-3.538173e-09	-3.712794e+01	-9.589570e+02
3.200000e-07	-6.885247e-09	-3.519601e-09	-3.703719e+01	-9.514520e+02
3.300000e-07	-6.867968e-09	-3.519890e-09	-3.694422e+01	-9.498953e+02
3.400000e-07	-6.850342e-09	-3.537096e-09	-3.684936e+01	-9.579610e+02
3.500000e-07	-6.832326e-09	-3.526902e-09	-3.675250e+01	-9.552103e+02
3.600000e-07	-6.813794e-09	-3.511336e-09	-3.665283e+01	-9.475080e+02
3.700000e-07	-6.794707e-09	-3.526195e-09	-3.655000e+01	-9.531429e+02
3.800000e-07	-6.775165e-09	-3.532686e-09	-3.644471e+01	-9.576584e+02
3.900000e-07	-6.755273e-09	-3.512766e-09	-3.633761e+01	-9.494691e+02
4.000000e-07	-6.735048e-09	-3.511225e-09	-3.622881e+01	-9.475847e+02
4.100000e-07	-6.714430e-09	-3.526320e-09	-3.611793e+01	-9.546722e+02
4.200000e-07	-6.693352e-09	-3.518464e-09	-3.600453e+01	-9.525349e+02
4.300000e-07	-6.671799e-09	-3.506230e-09	-3.588853e+01	-9.470655e+02
4.400000e-07	-6.649812e-09	-3.512110e-09	-3.577020e+01	-9.499516e+02
4.500000e-07	-6.627369e-09	-3.509788e-09	-3.564940e+01	-9.500690e+02
4.600000e-07	-6.604432e-09	-3.498668e-09	-3.552587e+01	-9.452916e+02
4.700000e-07	-6.581038e-09	-3.502417e-09	-3.539992e+01	-9.469164e+02
4.800000e-07	-6.557260e-09	-3.504018e-09	-3.527200e+01	-9.486926e+02
4.900000e-07	-6.533154e-09	-3.491954e-09	-3.514232e+01	-9.440105e+02
5.000000e-07	-6.508669e-09	-3.490597e-09	-3.501059e+01	-9.433011e+02
5.100000e-07	-6.483660e-09	-3.495854e-09	-3.487600e+01	-9.462062e+02
5.200000e-07	-6.457955e-09	-3.486836e-09	-3.473763e+01	-9.433269e+02
5.300000e-07	-6.431483e-09	-3.478988e-09	-3.459514e+01	-9.404052e+02
5.400000e-07	-6.404357e-09	-3.482335e-09	-3.444913e+01	-9.420026e+02
5.500000e-07	-6.376746e-09	-3.479322e-09	-3.430053e+01	-9.410185e+02
5.600000e-07	-6.348777e-09	-3.472460e-09	-3.415007e+01	-9.387155e+02
5.700000e-07	-6.320499e-09	-3.472440e-09	-3.399798e+01	-9.394726e+02
5.800000e-07	-6.291880e-09	-3.468715e-09	-3.384399e+01	-9.384258e+02
5.900000e-07	-6.262847e-09	-3.460476e-09	-3.368773e+01	-9.355213e+02
6.000000e-07	-6.233361e-09	-3.458915e-09	-3.352901e+01	-9.355906e+02
6.100000e-07	-6.203456e-09	-3.457255e-09	-3.336802e+01	-9.353428e+02
6.200000e-07	-6.173159e-09	-3.450302e-09	-3.320497e+01	-9.329112e+02
6.300000e-07	-6.142433e-09	-3.447364e-09	-3.303964e+01	-9.324151e+02
6.400000e-07	-6.111288e-09	-3.446346e-09	-3.287199e+01	-9.323713e+02
6.500000e-07	-6.079761e-09	-3.439945e-09	-3.270231e+01	-9.301514e+02
6.600000e-07	-6.047898e-09	-3.434577e-09	-3.253087e+01	-9.289224e+02
6.700000e-07	-6.015726e-09	-3.432095e-09	-3.235783e+01	-9.286855e+02
6.800000e-07	-5.983199e-09	-3.426479e-09	-3.218287e+01	-9.267857e+02
6.900000e-07	-5.950172e-09	-3.421110e-09	-3.200515e+01	-9.251896e+02
7.000000e-07	-5.916483e-09	-3.418805e-09	-3.182387e+01	-9.248620e+02
7.100000e-07	-5.882093e-09	-3.413933e-09	-3.163880e+01	-9.234477e+02
7.200000e-07	-5.847083e-09	-3.407143e-09	-3.145034e+01	-9.215561e+02
7.300000e-07	-5.811610e-09	-3.402665e-09	-3.125941e+01	-9.205829e+02
7.400000e-07	-5.775819e-09	-3.398147e-09	-3.106682e+01	-9.192593e+02
7.500000e-07	-5.739782e-09	-3.392628e-09	-3.087298e+01	-9.175962e+02
7.600000e-07	-5.703473e-09	-3.388209e-09	-3.067772e+01	-9.165710e+02
7.700000e-07	-5.666790e-09	-3.382894e-09	-3.048039e+01	-9.152433e+02
7.800000e-07	-5.629671e-09	-3.375674e-09	-3.028063e+01	-9.131940e+02
7.900000e-07	-5.592134e-09	-3.369533e-09	-3.007863e+01	-9.114766e+02
8.000000e-07	-5.554197e-09	-3.364549e-09	-2.987456e+01	-9.101445e+02
8.100000e-07	-5.515867e-09	-3.358351e-09	-2.966839e+01	-9.085239e+02
8.200000e-07	-5.477112e-09	-3.351723e-09	-2.945990e+01	-9.067868e+02
8.300000e-07	-5.437942e-09	-3.345925e-09	-2.924913e+01	-9.052083e+02
8.400000e-07	-5.398430e-09	-3.339992e-09	-2.903650e+01	-9.035647e+02
8.500000e-07	-5.358627e-09	-3.333512e-09	-2.882236e+01	-9.018315e+02
8.600000e-07	-5.318575e-09	-3.326411e-09	-2.860686e+01	-8.999660e+02
8.700000e-07	-5.278293e-09	-3.318261e-09	-2.839010e+01	-8.978124e+02
8.800000e-07	-5.237722e-09	-3.310216e-09	-2.817186e+01	-8.956288e+02
8.900000e-07	-5.196749e-09	-3.303367e-09	-2.795142e+01	-8.936986e+02
9.000000e-07	-5.155226e-09	-3.296314e-09	-2.772794e+01	-8.917951e+02
9.100000e-07	-5.113054e-09	-3.288454e-09	-2.750094e+01	-8.897683e+02
9.200000e-07	-5.070261e-09	-3.280395e-09	-2.727063e+01	-8.876266e+02
9.300000e-07	-5.026971e-09	-3.272262e-09	-2.703771e+01	-8.853878e+02
9.400000e-07	-4.983322e-09	-3.263902e-09	-2.680285e+01	-8.831029e+02
9.500000e-07	-4.939408e-09	-3.255332e-09	-2.656657e+01	-8.807831e+02
9.600000e-07	-4.895255e-09	-3.246531e-09	-2.632905e+01	-8.784242e+02
9.700000e-07	-4.850819e-09	-3.237626e-09	-2.609003e+01	-8.760445e+02
9.800000e-07	-4.806072e-09	-3.229110e-09	-2.584936e+01	-8.737206e+02
9.900000e-07	-4.761009e-09	-3.220958e-09	-2.560692e+01	-8.714750e+02
1.000000e-06	-4.715606e-09	-3.212281e-09	-2.536259e+01	-8.691521e+02
1.010000e-06	-4.669880e-09	-3.202522e-09	-2.511657e+01	-8.665803e+02
1.020000e-06	-4.623866e-09	-3.192262e-09	-2.486903e+01	-8.638389e+02
1.030000e-06	-4.577568e-09	-3.182457e-09	-2.461995e+01	-8.611564e+02
1.040000e-06	-4.530963e-09	-3.172979e-09	-2.436921e+01	-8.585532e+02
1.050000e-06	-4.484013e-09	-3.162891e-09	-2.411660e+01	-8.558178e+02
1.060000e-06	-4.436709e-09	-3.151863e-09	-2.386206e+01	-8.528757e+02
1.070000e-06	-4.389108e-09	-3.140545e-09	-2.360594e+01	-8.498550e+02
1.080000e-06	-4.341273e-09	-3.129509e-09	-2.334855e+01	-8.468674e+02
1.090000e-06	-4.293215e-09	-3.118736e-09	-2.308995e+01	-8.439391e+02
1.100000e-06	-4.244906e-09	-3.107749e-09	-2.283004e+01	-8.409821e+02
1.110000e-06	-4.196288e-09	-3.096430e-09	-2.256845e+01	-8.379548e+02
1.120000e-06	-4.147305e-09	-3.085009e-09	-2.230489e+01	-8.348520e+02
1.130000e-06	-4.097902e-09	-3.073183e-09	-2.203909e+01	-8.315903e+02
1.140000e-06	-4.048053e-09	-3.060690e-09	-2.177080e+01	-8.281790e+02
1.150000e-06	-3.997717e-09	-3.047663e-09	-2.149986e+01	-8.246889e+02
1.160000e-06	-3.946922e-09	-3.034440e-09	-2.122655e+01	-8.211707e+02
1.170000e-06	-3.895766e-09	-3.021060e-09	-2.095138e+01	-8.175593e+02
1.180000e-06	-3.844282e-09	-3.007447e-09	-2.067445e+01	-8.138225e+02
1.190000e-06	-3.792499e-09	-2.993548e-09	-2.039590e+01	-8.100217e+02
1.200000e-06	-3.740458e-09	-2.979296e-09	-2.011592e+01	-8.061833e+02
1.210000e-06	-3.688144e-09	-2.964556e-09	-1.983447e+01	-8.022315e+02
1.220000e-06	-3.635540e-09	-2.949113e-09	-1.955149e+01	-7.980441e+02
1.230000e-06	-3.582673e-09	-2.933214e-09	-1.926700e+01	-7.937015e+02
1.240000e-06	-3.529541e-09	-2.917388e-09	-1.898110e+01	-7.893999e+02
1.250000e-06	-3.476134e-09	-2.901586e-09	-1.869381e+01	-7.851164e+02
1.260000e-06	-3.422485e-09	-2.885294e-09	-1.840521e+01	-7.807020e+02
1.270000e-06	-3.368627e-09	-2.868302e-09	-1.811546e+01	-7.760953e+02
1.280000e-06	-3.314574e-09	-2.850754e-09	-1.782464e+01	-7.713051e+02
1.290000e-06	-3.260325e-09	-2.832740e-09	-1.753275e+01	-7.664132e+02
1.300000e-06	-3.205862e-09	-2.814233e-09	-1.723970e+01	-7.614499e+02
1.310000e-06	-3.151159e-09	-2.795055e-09	-1.694544e+01	-7.562910e+02
1.320000e-06	-3.096224e-09	-2.775518e-09	-1.664995e+01	-7.509716e+02
1.330000e-06	-3.041060e-09	-2.755829e-09	-1.635314e+01	-7.455992e+02
1.340000e-06	-2.985663e-09	-2.735679e-09	-1.605508e+01	-7.401119e+02
1.350000e-06	-2.930061e-09	-2.714714e-09	-1.575598e+01	-7.344176e+02
1.360000e-06	-2.874292e-09	-2.692676e-09	-1.545601e+01	-7.284788e+02
1.370000e-06	-2.818391e-09	-2.669802e-09	-1.515529e+01	-7.223437e+02
1.380000e-06	-2.762388e-09	-2.646431e-09	-1.485401e+01	-7.160457e+02
1.390000e-06	-2.706291e-09	-2.622384e-09	-1.455225e+01	-7.095417e+02
1.400000e-06	-2.650080e-09	-2.598066e-09	-1.424990e+01	-7.029776e+02
1.410000e-06	-2.593744e-09	-2.574113e-09	-1.394688e+01	-6.964920e+02
1.420000e-06	-2.537261e-09	-2.549915e-09	-1.364314e+01	-6.899080e+02
1.430000e-06	-2.480611e-09	-2.524836e-09	-1.333842e+01	-6.830913e+02
1.440000e-06	-2.423774e-09	-2.498870e-09	-1.303263e+01	-6.760627e+02
1.450000e-06	-2.366711e-09	-2.471782e-09	-1.272566e+01	-6.687611e+02
1.460000e-06	-2.309370e-09	-2.443424e-09	-1.241723e+01	-6.611210e+02
1.470000e-06	-2.251747e-09	-2.414156e-09	-1.210729e+01	-6.531950e+02
1.480000e-06	-2.193852e-09	-2.384132e-09	-1.179586e+01	-6.450195e+02
1.490000e-06	-2.135664e-09	-2.353559e-09	-1.148280e+01	-6.366830e+02
1.500000e-06	-2.077195e-09	-2.322740e-09	-1.116820e+01	-6.282914e+02
1.510000e-06	-2.018458e-09	-2.291146e-09	-1.085217e+01	-6.197085e+02
1.520000e-06	-1.959477e-09	-2.258080e-09	-1.053488e+01	-6.107449e+02
1.530000e-06	-1.900303e-09	-2.223639e-09	-1.021664e+01	-6.014123e+02
1.540000e-06	-1.840956e-09	-2.187989e-09	-9.897431e+00	-5.917472e+02
1.550000e-06	-1.781475e-09	-2.151288e-09	-9.577460e+00	-5.818071e+02
1.560000e-06	-1.721901e-09	-2.114093e-09	-9.257010e+00	-5.717384e+02
1.570000e-06	-1.662237e-09	-2.076442e-09	-8.936087e+00	-5.615346e+02
1.580000e-06	-1.602498e-09	-2.037910e-09	-8.614692e+00	-5.510917e+02
1.590000e-06	-1.542689e-09	-1.998640e-09	-8.292881e+00	-5.404601e+02
1.600000e-06	-1.482800e-09	-1.958590e-09	-7.970707e+00	-5.296467e+02
1.610000e-06	-1.422845e-09	-1.917498e-09	-7.648226e+00	-5.185707e+02
1.620000e-06	-1.362845e-09	-1.875618e-09	-7.325484e+00	-5.072314e+02
1.630000e-06	-1.302789e-09	-1.833122e-09	-7.002422e+00	-4.956804e+02
1.640000e-06	-1.242668e-09	-1.789863e-09	-6.678999e+00	-4.839465e+02
1.650000e-06	-1.182488e-09	-1.745667e-09	-6.355274e+00	-4.719847e+02
1.660000e-06	-1.122255e-09	-1.700608e-09	-6.031271e+00	-4.597996e+02
1.670000e-06	-1.061975e-09	-1.654891e-09	-5.706996e+00	-4.474156e+02
1.680000e-06	-1.001646e-09	-1.608308e-09	-5.382473e+00	-4.347560e+02
1.690000e-06	-9.412733e-10	-1.560938e-09	-5.057757e+00	-4.218940e+02
1.700000e-06	-8.808535e-10	-1.513322e-09	-4.732771e+00	-4.089855e+02
1.710000e-06	-8.203792e-10	-1.465264e-09	-4.407434e+00	-3.959484e+02
1.720000e-06	-7.598735e-10	-1.416379e-09	-4.081921e+00	-3.826965e+02
1.730000e-06	-6.993455e-10	-1.366811e-09	-3.756278e+00	-3.692737e+02
1.740000e-06	-6.387551e-10	-1.316725e-09	-3.430350e+00	-3.557110e+02
1.750000e-06	-5.780888e-10	-1.266212e-09	-3.104105e+00	-3.420521e+02
1.760000e-06	-5.173817e-10	-1.215279e-09	-2.777593e+00	-3.282870e+02
1.770000e-06	-4.566554e-10	-1.163783e-09	-2.450892e+00	-3.143534e+02
1.780000e-06	-3.958910e-10	-1.112099e-09	-2.124007e+00	-3.003740e+02
1.790000e-06	-3.350676e-10	-1.060866e-09	-1.796866e+00	-2.865179e+02
1.800000e-06	-2.742137e-10	-1.009671e-09	-1.469600e+00	-2.726663e+02
1.810000e-06	-2.133687e-10	-9.577375e-10	-1.142360e+00	-2.586436e+02
1.820000e-06	-1.525312e-10	-9.053413e-10	-8.151302e-01	-2.445054e+02
1.830000e-06	-9.168952e-11	-8.526821e-10	-4.878822e-01	-2.302704e+02
1.840000e-06	-3.084074e-11	-7.997381e-10	-1.606031e-01	-2.159439e+02
1.850000e-06	2.999496e-11	-7.469893e-10	1.666210e-01	-2.016755e+02
1.860000e-06	9.081095e-11	-6.943636e-10	4.937797e-01	-1.874533e+02
1.870000e-06	1.516185e-10	-6.413378e-10	8.209650e-01	-1.731269e+02
1.880000e-06	2.124276e-10	-5.879093e-10	1.148133e+00	-1.587044e+02
1.890000e-06	2.732312e-10	-5.344506e-10	1.475196e+00	-1.442844e+02
1.900000e-06	3.340200e-10	-4.807237e-10	1.802200e+00	-1.297693e+02
1.910000e-06	3.947968e-10	-4.260056e-10	2.129155e+00	-1.149634e+02
1.920000e-06	4.555466e-10	-3.702360e-10	2.455968e+00	-9.988141e+01
1.930000e-06	5.162741e-10	-3.140013e-10	2.782645e+00	-8.466686e+01
1.940000e-06	5.769633e-10	-2.576277e-10	3.109129e+00	-6.938191e+01
1.950000e-06	6.375926e-10	-2.007712e-10	3.435316e+00	-5.396385e+01
1.960000e-06	6.981662e-10	-1.430001e-10	3.761213e+00	-3.829876e+01
1.970000e-06	7.586871e-10	-8.380897e-11	4.086814e+00	-2.223607e+01
1.980000e-06	8.191540e-10	-2.311697e-11	4.412095e+00	-5.741412e+00
1.990000e-06	8.795729e-10	3.886016e-11	4.737142e+00	1.114833e+01
2.000000e-06	9.399477e-10	1.024447e-10	5.061965e+00	2.847220e+01
2.010000e-06	1.000281e-09	1.680409e-10	5.386535e+00	4.628616e+01
2.020000e-06	1.060579e-09	2.355033e-10	5.710876e+00	6.457125e+01
2.030000e-06	1.120829e-09	3.044094e-10	6.034964e+00	8.323119e+01
2.040000e-06	1.181021e-09	3.742413e-10	6.358742e+00	1.021298e+02
2.050000e-06	1.241155e-09	4.445310e-10	6.682211e+00	1.211664e+02
2.060000e-06	1.301247e-09	5.157745e-10	7.005414e+00	1.404773e+02
2.070000e-06	1.361289e-09	5.885119e-10	7.328331e+00	1.601876e+02
2.080000e-06	1.421272e-09	6.620259e-10	7.650922e+00	1.800994e+02
2.090000e-06	1.481198e-09	7.353838e-10	7.973188e+00	1.999622e+02
2.100000e-06	1.541054e-09	8.088093e-10	8.295127e+00	2.198256e+02
2.110000e-06	1.600832e-09	8.826720e-10	8.616639e+00	2.397959e+02
2.120000e-06	1.660523e-09	9.564153e-10	8.937697e+00	2.597333e+02
2.130000e-06	1.720120e-09	1.029445e-09	9.258302e+00	2.794644e+02
2.140000e-06	1.779611e-09	1.101264e-09	9.578323e+00	2.988708e+02
2.150000e-06	1.838973e-09	1.171478e-09	9.897631e+00	3.178540e+02
2.160000e-06	1.898193e-09	1.240193e-09	1.021615e+01	3.364245e+02
2.170000e-06	1.957253e-09	1.307628e-09	1.053378e+01	3.546487e+02
2.180000e-06	2.016115e-09	1.373720e-09	1.085037e+01	3.725263e+02
2.190000e-06	2.074748e-09	1.437826e-09	1.116570e+01	3.898989e+02
2.200000e-06	2.133119e-09	1.499285e-09	1.147965e+01	4.065859e+02
2.210000e-06	2.191223e-09	1.558961e-09	1.179215e+01	4.227848e+02
2.220000e-06	2.249057e-09	1.617800e-09	1.210321e+01	4.386998e+02
2.230000e-06	2.306610e-09	1.674504e-09	1.241281e+01	4.540014e+02
2.240000e-06	2.363877e-09	1.728525e-09	1.272092e+01	4.685923e+02
2.250000e-06	2.420881e-09	1.781005e-09	1.302756e+01	4.827669e+02
2.260000e-06	2.477646e-09	1.832217e-09	1.333288e+01	4.966076e+02
2.270000e-06	2.534185e-09	1.882059e-09	1.363705e+01	5.101007e+02
2.280000e-06	2.590536e-09	1.930409e-09	1.394019e+01	5.232016e+02
2.290000e-06	2.646751e-09	1.976734e-09	1.424259e+01	5.357783e+02
2.300000e-06	2.702863e-09	2.020888e-09	1.454439e+01	5.477825e+02
2.310000e-06	2.758865e-09	2.064056e-09	1.484558e+01	5.594835e+02
2.320000e-06	2.814749e-09	2.106945e-09	1.514618e+01	5.710560e+02
2.330000e-06	2.870506e-09	2.148466e-09	1.544612e+01	5.822454e+02
2.340000e-06	2.926107e-09	2.188024e-09	1.574521e+01	5.929146e+02
2.350000e-06	2.981511e-09	2.226193e-09	1.604319e+01	6.032375e+02
2.360000e-06	3.036707e-09	2.263586e-09	1.633996e+01	6.133777e+02
2.370000e-06	3.091682e-09	2.300073e-09	1.663556e+01	6.232816e+02
2.380000e-06	3.146417e-09	2.335391e-09	1.692997e+01	6.328744e+02
2.390000e-06	3.200921e-09	2.369491e-09	1.722315e+01	6.421225e+02
2.400000e-06	3.255211e-09	2.402003e-09	1.751517e+01	6.509444e+02
2.410000e-06	3.309309e-09	2.433556e-09	1.780613e+01	6.595047e+02
2.420000e-06	3.363211e-09	2.464941e-09	1.809600e+01	6.679794e+02
2.430000e-06	3.416893e-09	2.495185e-09	1.838467e+01	6.761364e+02
2.440000e-06	3.470350e-09	2.523803e-09	1.867210e+01	6.838844e+02
2.450000e-06	3.523554e-09	2.551606e-09	1.895823e+01	6.914214e+02
2.460000e-06	3.576485e-09	2.578857e-09	1.924293e+01	6.987946e+02
2.470000e-06	3.629136e-09	2.605195e-09	1.952618e+01	7.059211e+02
2.480000e-06	3.681505e-09	2.630537e-09	1.980790e+01	7.127681e+02
2.490000e-06	3.733606e-09	2.655013e-09	2.008808e+01	7.193578e+02
2.500000e-06	3.785445e-09	2.679037e-09	2.036683e+01	7.258213e+02
2.510000e-06	3.837003e-09	2.703362e-09	2.064410e+01	7.323682e+02
2.520000e-06	3.888202e-09	2.727752e-09	2.091945e+01	7.389252e+02
2.530000e-06	3.938966e-09	2.751065e-09	2.119255e+01	7.451881e+02
2.540000e-06	3.989282e-09	2.772505e-09	2.146323e+01	7.509630e+02
2.550000e-06	4.039112e-09	2.792562e-09	2.173121e+01	7.563877e+02
2.560000e-06	4.088467e-09	2.812754e-09	2.199669e+01	7.618397e+02
2.570000e-06	4.137410e-09	2.833471e-09	2.226003e+01	7.674191e+02
2.580000e-06	4.186000e-09	2.853573e-09	2.252141e+01	7.728373e+02
2.590000e-06	4.234319e-09	2.872736e-09	2.278133e+01	7.780019e+02
2.600000e-06	4.282423e-09	2.891590e-09	2.304009e+01	7.830818e+02
2.610000e-06	4.330331e-09	2.910347e-09	2.329776e+01	7.881373e+02
2.620000e-06	4.378005e-09	2.928401e-09	2.355421e+01	7.930038e+02
2.630000e-06	4.425386e-09	2.944721e-09	2.380910e+01	7.974082e+02
2.640000e-06	4.472440e-09	2.959618e-09	2.406223e+01	8.014439e+02
2.650000e-06	4.519150e-09	2.974837e-09	2.431349e+01	8.055676e+02
2.660000e-06	4.565525e-09	2.991008e-09	2.456294e+01	8.099231e+02
2.670000e-06	4.611593e-09	3.006879e-09	2.481074e+01	8.141667e+02
2.680000e-06	4.657380e-09	3.021524e-09	2.505695e+01	8.180704e+02
2.690000e-06	4.702857e-09	3.035365e-09	2.530152e+01	8.217893e+02
2.700000e-06	4.747990e-09	3.049195e-09	2.554435e+01	8.255260e+02
2.710000e-06	4.792804e-09	3.062816e-09	2.578544e+01	8.291986e+02
2.720000e-06	4.837327e-09	3.075223e-09	2.602492e+01	8.325495e+02
2.730000e-06	4.881604e-09	3.086750e-09	2.626306e+01	8.356517e+02
2.740000e-06	4.925683e-09	3.098565e-09	2.650013e+01	8.388038e+02
2.750000e-06	4.969576e-09	3.110888e-09	2.673621e+01	8.420987e+02
2.760000e-06	5.013196e-09	3.123537e-09	2.697086e+01	8.454833e+02
2.770000e-06	5.056423e-09	3.135725e-09	2.720341e+01	8.487306e+02
2.780000e-06	5.099140e-09	3.146646e-09	2.743327e+01	8.516467e+02
2.790000e-06	5.141250e-09	3.157053e-09	2.765986e+01	8.544505e+02
2.800000e-06	5.182721e-09	3.167815e-09	2.788305e+01	8.573600e+02
2.810000e-06	5.223649e-09	3.178487e-09	2.810333e+01	8.602180e+02
2.820000e-06	5.264193e-09	3.188288e-09	2.832141e+01	8.628203e+02
2.830000e-06	5.304435e-09	3.197242e-09	2.853783e+01	8.652052e+02
2.840000e-06	5.344433e-09	3.206331e-09	2.875295e+01	8.676319e+02
2.850000e-06	5.384181e-09	3.216180e-09	2.896676e+01	8.702536e+02
2.860000e-06	5.423613e-09	3.226053e-09	2.917887e+01	8.728880e+02
2.870000e-06	5.462673e-09	3.235139e-09	2.938892e+01	8.753265e+02
2.880000e-06	5.501345e-09	3.243778e-09	2.959689e+01	8.776422e+02
2.890000e-06	5.539619e-09	3.252645e-09	2.980274e+01	8.800198e+02
2.900000e-06	5.577490e-09	3.261551e-09	3.000640e+01	8.824070e+02
2.910000e-06	5.614949e-09	3.269991e-09	3.020790e+01	8.846522e+02
2.920000e-06	5.652014e-09	3.277694e-09	3.040727e+01	8.866902e+02
2.930000e-06	5.688700e-09	3.285020e-09	3.060454e+01	8.886458e+02
2.940000e-06	5.725054e-09	3.293024e-09	3.080008e+01	8.907938e+02
2.950000e-06	5.761150e-09	3.301599e-09	3.099426e+01	8.930883e+02
2.960000e-06	5.796987e-09	3.309677e-09	3.118707e+01	8.952503e+02
2.970000e-06	5.832507e-09	3.316843e-09	3.137819e+01	8.971623e+02
2.980000e-06	5.867581e-09	3.323562e-09	3.156692e+01	8.989519e+02
2.990000e-06	5.902067e-09	3.330414e-09	3.175248e+01	9.007902e+02
3.000000e-06	5.935876e-09	3.337357e-09	3.193435e+01	9.026608e+02
3.010000e-06	5.969032e-09	3.344183e-09	3.211267e+01	9.044886e+02
3.020000e-06	6.001674e-09	3.350830e-09	3.228819e+01	9.062573e+02
3.030000e-06	6.033930e-09	3.357364e-09	3.246165e+01	9.079947e+02
3.040000e-06	6.065888e-09	3.363914e-09	3.263354e+01	9.097376e+02
3.050000e-06	6.097538e-09	3.370370e-09	3.280379e+01	9.114506e+02
3.060000e-06	6.128799e-09	3.376520e-09	3.297196e+01	9.130761e+02
3.070000e-06	6.159607e-09	3.382192e-09	3.313767e+01	9.145903e+02
3.080000e-06	6.189959e-09	3.387813e-09	3.330091e+01	9.161073e+02
3.090000e-06	6.219891e-09	3.393896e-09	3.346187e+01	9.177521e+02
3.100000e-06	6.249411e-09	3.399749e-09	3.362061e+01	9.193448e+02
3.110000e-06	6.278501e-09	3.404571e-09	3.377704e+01	9.206451e+02
3.120000e-06	6.307187e-09	3.408798e-09	3.393131e+01	9.217536e+02
3.130000e-06	6.335542e-09	3.413540e-09	3.408381e+01	9.229958e+02
3.140000e-06	6.363622e-09	3.419056e-09	3.423480e+01	9.244565e+02
3.150000e-06	6.391400e-09	3.424611e-09	3.438421e+01	9.259502e+02
3.160000e-06	6.418770e-09	3.429995e-09	3.453144e+01	9.274121e+02
3.170000e-06	6.445550e-09	3.435195e-09	3.467550e+01	9.288113e+02
3.180000e-06	6.471584e-09	3.439569e-09	3.481558e+01	9.299785e+02
3.190000e-06	6.496865e-09	3.443074e-09	3.495160e+01	9.309220e+02
3.200000e-06	6.521544e-09	3.446312e-09	3.508433e+01	9.318028e+02
3.210000e-06	6.545794e-09	3.449604e-09	3.521473e+01	9.326756e+02
3.220000e-06	6.569671e-09	3.453336e-09	3.534310e+01	9.336433e+02
3.230000e-06	6.593133e-09	3.458086e-09	3.546929e+01	9.348900e+02
3.240000e-06	6.616144e-09	3.463346e-09	3.559312e+01	9.363076e+02
3.250000e-06	6.638698e-09	3.468074e-09	3.571441e+01	9.376131e+02
3.260000e-06	6.660816e-09	3.472098e-09	3.583334e+01	9.387074e+02
3.270000e-06	6.682501e-09	3.475000e-09	3.594999e+01	9.394842e+02
3.280000e-06	6.703719e-09	3.476979e-09	3.606407e+01	9.400091e+02
3.290000e-06	6.724494e-09	3.479255e-09	3.617574e+01	9.406064e+02
3.300000e-06	6.744898e-09	3.482210e-09	3.628544e+01	9.413964e+02
3.310000e-06	6.764976e-09	3.485535e-09	3.639339e+01	9.422892e+02
3.320000e-06	6.784730e-09	3.489186e-09	3.649966e+01	9.432588e+02
3.330000e-06	6.804058e-09	3.492958e-09	3.660370e+01	9.442543e+02
3.340000e-06	6.822815e-09	3.496418e-09	3.670465e+01	9.451707e+02
3.350000e-06	6.840992e-09	3.499359e-09	3.680242e+01	9.459571e+02
3.360000e-06	6.858651e-09	3.501574e-09	3.689739e+01	9.465652e+02
3.370000e-06	6.875891e-09	3.503081e-09	3.699007e+01	9.469753e+02
3.380000e-06	6.892768e-09	3.504491e-09	3.708083e+01	9.473479e+02
3.390000e-06	6.909173e-09	3.506348e-09	3.716916e+01	9.478584e+02
3.400000e-06	6.924992e-09	3.508776e-09	3.725437e+01	9.485326e+02
3.410000e-06	6.940186e-09	3.511687e-09	3.733608e+01	9.493138e+02
3.420000e-06	6.954796e-09	3.514454e-09	3.741458e+01	9.500372e+02
3.430000e-06	6.968875e-09	3.516673e-09	3.749029e+01	9.506120e+02
3.440000e-06	6.982456e-09	3.518592e-09	3.756340e+01	9.511150e+02
3.450000e-06	6.995532e-09	3.520353e-09	3.763378e+01	9.516009e+02
3.460000e-06	7.008095e-09	3.521790e-09	3.770139e+01	9.520024e+02
3.470000e-06	7.020183e-09	3.522979e-09	3.776642e+01	9.523139e+02
3.480000e-06	7.031783e-09	3.524317e-09	3.782879e+01	9.526489e+02
3.490000e-06	7.042756e-09	3.526100e-09	3.788776e+01	9.530993e+02
3.500000e-06	7.052949e-09	3.528262e-09	3.794250e+01	9.536658e+02
3.510000e-06	7.062363e-09	3.530275e-09	3.799302e+01	9.542114e+02
3.520000e-06	7.071137e-09	3.531816e-09	3.804012e+01	9.546309e+02
3.530000e-06	7.079456e-09	3.532946e-09	3.808480e+01	9.549331e+02
3.540000e-06	7.087414e-09	3.533694e-09	3.812759e+01	9.551347e+02
3.550000e-06	7.094992e-09	3.534488e-09	3.816837e+01	9.553558e+02
3.560000e-06	7.102095e-09	3.535661e-09	3.820663e+01	9.556850e+02
3.570000e-06	7.108679e-09	3.536751e-09	3.824202e+01	9.559855e+02
3.580000e-06	7.114752e-09	3.537549e-09	3.827466e+01	9.561875e+02
3.590000e-06	7.120322e-09	3.538511e-09	3.830461e+01	9.564356e+02
3.600000e-06	7.125384e-09	3.539784e-09	3.833179e+01	9.567879e+02
3.610000e-06	7.129976e-09	3.540712e-09	3.835648e+01	9.570407e+02
3.620000e-06	7.134201e-09	3.540953e-09	3.837918e+01	9.570995e+02
3.630000e-06	7.138097e-09	3.541298e-09	3.840015e+01	9.571947e+02
3.640000e-06	7.141594e-09	3.541984e-09	3.841898e+01	9.573853e+02
3.650000e-06	7.144514e-09	3.542434e-09	3.843468e+01	9.575160e+02
3.660000e-06	7.146705e-09	3.542569e-09	3.844647e+01	9.575618e+02
3.670000e-06	7.148134e-09	3.542641e-09	3.845406e+01	9.575668e+02
3.680000e-06	7.148926e-09	3.542879e-09	3.845817e+01	9.576089e+02
3.690000e-06	7.149261e-09	3.543135e-09	3.845990e+01	9.576977e+02
3.700000e-06	7.149223e-09	3.543154e-09	3.845969e+01	9.577356e+02
3.710000e-06	7.148798e-09	3.543028e-09	3.845736e+01	9.577315e+02
3.720000e-06	7.147908e-09	3.542856e-09	3.845246e+01	9.577127e+02
3.730000e-06	7.146527e-09	3.542618e-09	3.844492e+01	9.576417e+02
3.740000e-06	7.144685e-09	3.542638e-09	3.843497e+01	9.576222e+02
3.750000e-06	7.142404e-09	3.542238e-09	3.842273e+01	9.574888e+02
3.760000e-06	7.139676e-09	3.539653e-09	3.840799e+01	9.566640e+02
3.770000e-06	7.136486e-09	3.538853e-09	3.839075e+01	9.560652e+02
3.780000e-06	7.132812e-09	3.547959e-09	3.837098e+01	9.588319e+02
3.790000e-06	7.128496e-09	3.554881e-09	3.834784e+01	9.625276e+02
3.800000e-06	7.123334e-09	3.538637e-09	3.832005e+01	9.579204e+02
3.810000e-06	7.117437e-09	3.519696e-09	3.828812e+01	9.494606e+02
3.820000e-06	7.111150e-09	3.534238e-09	3.825430e+01	9.534309e+02
3.830000e-06	7.104581e-09	3.558612e-09	3.821910e+01	9.638066e+02
3.840000e-06	7.097560e-09	3.543860e-09	3.818126e+01	9.598960e+02
3.850000e-06	7.090010e-09	3.515786e-09	3.814044e+01	9.482974e+02
3.860000e-06	7.082069e-09	3.529265e-09	3.809761e+01	9.518105e+02
3.870000e-06	7.073790e-09	3.557411e-09	3.805311e+01	9.636620e+02
3.880000e-06	7.065004e-09	3.542698e-09	3.800584e+01	9.595551e+02
3.890000e-06	7.055618e-09	3.513329e-09	3.795517e+01	9.471839e+02
3.900000e-06	7.045757e-09	3.527271e-09	3.790201e+01	9.513616e+02
3.910000e-06	7.035526e-09	3.550969e-09	3.784703e+01	9.621736e+02
3.920000e-06	7.024801e-09	3.532622e-09	3.778934e+01	9.560920e+02
3.930000e-06	7.013477e-09	3.514044e-09	3.772831e+01	9.469211e+02
3.940000e-06	7.001600e-09	3.534847e-09	3.766438e+01	9.547492e+02
3.950000e-06	6.989131e-09	3.544249e-09	3.759744e+01	9.611631e+02
3.960000e-06	6.975894e-09	3.516680e-09	3.752634e+01	9.507642e+02
3.970000e-06	6.961835e-09	3.511172e-09	3.745067e+01	9.461150e+02
3.980000e-06	6.947096e-09	3.538401e-09	3.737138e+01	9.570674e+02
3.990000e-06	6.931827e-09	3.534976e-09	3.728921e+01	9.580759e+02
4.000000e-06	6.916123e-09	3.507306e-09	3.720463e+01	9.464471e+02
4.010000e-06	6.900054e-09	3.514245e-09	3.711817e+01	9.480565e+02
4.020000e-06	6.883584e-09	3.531593e-09	3.702961e+01	9.568161e+02
4.030000e-06	6.866605e-09	3.513049e-09	3.693823e+01	9.500710e+02
4.040000e-06	6.849129e-09	3.501355e-09	3.684412e+01	9.433707e+02
4.050000e-06	6.831214e-09	3.523707e-09	3.674773e+01	9.525675e+02
4.060000e-06	6.812854e-09	3.524997e-09	3.664894e+01	9.550401e+02
4.070000e-06	6.794008e-09	3.502304e-09	3.654750e+01	9.449298e+02
4.080000e-06	6.774697e-09	3.509794e-09	3.644355e+01	9.468847e+02
4.090000e-06	6.755006e-09	3.526597e-09	3.633759e+01	9.554491e+02
4.100000e-06	6.734995e-09	3.509345e-09	3.622991e+01	9.488656e+02
4.110000e-06	6.714601e-09	3.497898e-09	3.612024e+01	9.426653e+02
4.120000e-06	6.693670e-09	3.514602e-09	3.600781e+01	9.504260e+02
4.130000e-06	6.672054e-09	3.510996e-09	3.589165e+01	9.506741e+02
4.140000e-06	6.649695e-09	3.493432e-09	3.577133e+01	9.425876e+02
4.150000e-06	6.626677e-09	3.503850e-09	3.564734e+01	9.467029e+02
4.160000e-06	6.603152e-09	3.511736e-09	3.552061e+01	9.514100e+02
4.170000e-06	6.579260e-09	3.495281e-09	3.539200e+01	9.443810e+02
4.180000e-06	6.555034e-09	3.494762e-09	3.526169e+01	9.435311e+02
4.190000e-06	6.530399e-09	3.505155e-09	3.512919e+01	9.487617e+02
4.200000e-06	6.505290e-09	3.493579e-09	3.499411e+01	9.445723e+02
4.210000e-06	6.479724e-09	3.485049e-09	3.485656e+01	9.410237e+02
4.220000e-06	6.453711e-09	3.492562e-09	3.471660e+01	9.447186e+02
4.230000e-06	6.427197e-09	3.486553e-09	3.457394e+01	9.429426e+02
4.240000e-06	6.400188e-09	3.475064e-09	3.442858e+01	9.389360e+02
4.250000e-06	6.372767e-09	3.477751e-09	3.428097e+01	9.407300e+02
4.260000e-06	6.345017e-09	3.475933e-09	3.413161e+01	9.399626e+02
4.270000e-06	6.316976e-09	3.466753e-09	3.398076e+01	9.365638e+02
4.280000e-06	6.288591e-09	3.467099e-09	3.382810e+01	9.376413e+02
4.290000e-06	6.259726e-09	3.466221e-09	3.367282e+01	9.374430e+02
4.300000e-06	6.230237e-09	3.457049e-09	3.351416e+01	9.341618e+02
4.310000e-06	6.200058e-09	3.453419e-09	3.335171e+01	9.340018e+02
4.320000e-06	6.169211e-09	3.451856e-09	3.318561e+01	9.336410e+02
4.330000e-06	6.137826e-09	3.444694e-09	3.301664e+01	9.308255e+02
4.340000e-06	6.106067e-09	3.441040e-09	3.284565e+01	9.305574e+02
4.350000e-06	6.073983e-09	3.439798e-09	3.267297e+01	9.305276e+02
4.360000e-06	6.041526e-09	3.433164e-09	3.249839e+01	9.277987e+02
4.370000e-06	6.008652e-09	3.427652e-09	3.232151e+01	9.267060e+02
4.380000e-06	5.975350e-09	3.425089e-09	3.214229e+01	9.266096e+02
4.390000e-06	5.941638e-09	3.418771e-09	3.196088e+01	9.242894e+02
4.400000e-06	5.907529e-09	3.412510e-09	3.177734e+01	9.226095e+02
4.410000e-06	5.873018e-09	3.409480e-09	3.159164e+01	9.221907e+02
4.420000e-06	5.838097e-09	3.404043e-09	3.140367e+01	9.203264e+02
4.430000e-06	5.802788e-09	3.397383e-09	3.121355e+01	9.185169e+02
4.440000e-06	5.767175e-09	3.393173e-09	3.102179e+01	9.178487e+02
4.450000e-06	5.731304e-09	3.387589e-09	3.082875e+01	9.162304e+02
4.460000e-06	5.695152e-09	3.380289e-09	3.063427e+01	9.140561e+02
4.470000e-06	5.658624e-09	3.375507e-09	3.043775e+01	9.128842e+02
4.480000e-06	5.621573e-09	3.371017e-09	3.023849e+01	9.117141e+02
4.490000e-06	5.583878e-09	3.364019e-09	3.003586e+01	9.097975e+02
4.500000e-06	5.545518e-09	3.357203e-09	2.982965e+01	9.079198e+02
4.510000e-06	5.506588e-09	3.351501e-09	2.962019e+01	9.063396e+02
4.520000e-06	5.467199e-09	3.344959e-09	2.940816e+01	9.046951e+02
4.530000e-06	5.427464e-09	3.338045e-09	2.919429e+01	9.029318e+02
4.540000e-06	5.387461e-09	3.331434e-09	2.897906e+01	9.011061e+02
4.550000e-06	5.347195e-09	3.324316e-09	2.876242e+01	8.991767e+02
4.560000e-06	5.306610e-09	3.317058e-09	2.854406e+01	8.971880e+02
4.570000e-06	5.265640e-09	3.310072e-09	2.832367e+01	8.952234e+02
4.580000e-06	5.224282e-09	3.302743e-09	2.810112e+01	8.933471e+02
4.590000e-06	5.182587e-09	3.295356e-09	2.787675e+01	8.915059e+02
4.600000e-06	5.140573e-09	3.288021e-09	2.765070e+01	8.894753e+02
4.610000e-06	5.098229e-09	3.280246e-09	2.742289e+01	8.872906e+02
4.620000e-06	5.055529e-09	3.272128e-09	2.719313e+01	8.851692e+02
4.630000e-06	5.012443e-09	3.263594e-09	2.696126e+01	8.829480e+02
4.640000e-06	4.968999e-09	3.254620e-09	2.672747e+01	8.804999e+02
4.650000e-06	4.925273e-09	3.245892e-09	2.649214e+01	8.781034e+02
4.660000e-06	4.881329e-09	3.237802e-09	2.625563e+01	8.759209e+02
4.670000e-06	4.837151e-09	3.229741e-09	2.601788e+01	8.737850e+02
4.680000e-06	4.792678e-09	3.221315e-09	2.577867e+01	8.715843e+02
4.690000e-06	4.747862e-09	3.212419e-09	2.553764e+01	8.691899e+02
4.700000e-06	4.702663e-09	3.202736e-09	2.529447e+01	8.664930e+02
4.710000e-06	4.657089e-09	3.192384e-09	2.504925e+01	8.636516e+02
4.720000e-06	4.611169e-09	3.181820e-09	2.480220e+01	8.608392e+02
4.730000e-06	4.564941e-09	3.171274e-09	2.455350e+01	8.580574e+02
4.740000e-06	4.518445e-09	3.160783e-09	2.430330e+01	8.552734e+02
4.750000e-06	4.471667e-09	3.150404e-09	2.405165e+01	8.524629e+02
4.760000e-06	4.424623e-09	3.140211e-09	2.379865e+01	8.496645e+02
4.770000e-06	4.377287e-09	3.129712e-09	2.354401e+01	8.468377e+02
4.780000e-06	4.329596e-09	3.118222e-09	2.328746e+01	8.437825e+02
4.790000e-06	4.281502e-09	3.105861e-09	2.302887e+01	8.404417e+02
4.800000e-06	4.232999e-09	3.093275e-09	2.276800e+01	8.369953e+02
4.810000e-06	4.184131e-09	3.080839e-09	2.250499e+01	8.336310e+02
4.820000e-06	4.134894e-09	3.068816e-09	2.223997e+01	8.304393e+02
4.830000e-06	4.085314e-09	3.056816e-09	2.197320e+01	8.272473e+02
4.840000e-06	4.035434e-09	3.044173e-09	2.170485e+01	8.238304e+02
4.850000e-06	3.985270e-09	3.030691e-09	2.143496e+01	8.201791e+02
4.860000e-06	3.934827e-09	3.016590e-09	2.116360e+01	8.163819e+02
4.870000e-06	3.884087e-09	3.002497e-09	2.089065e+01	8.126042e+02
4.880000e-06	3.833044e-09	2.988450e-09	2.061603e+01	8.088298e+02
4.890000e-06	3.781727e-09	2.973915e-09	2.033989e+01	8.048953e+02
4.900000e-06	3.730141e-09	2.959250e-09	2.006226e+01	8.008870e+02
4.910000e-06	3.678285e-09	2.944910e-09	1.978321e+01	7.969576e+02
4.920000e-06	3.626165e-09	2.930244e-09	1.950276e+01	7.929980e+02
4.930000e-06	3.573766e-09	2.914404e-09	1.922090e+01	7.887721e+02
4.940000e-06	3.521056e-09	2.897381e-09	1.893744e+01	7.842195e+02
4.950000e-06	3.468007e-09	2.880176e-09	1.865219e+01	7.795839e+02
4.960000e-06	3.414596e-09	2.863412e-09	1.836500e+01	7.750339e+02
4.970000e-06	3.360784e-09	2.846384e-09	1.807566e+01	7.704067e+02
4.980000e-06	3.306577e-09	2.828785e-09	1.778414e+01	7.656259e+02
4.990000e-06	3.251999e-09	2.810999e-09	1.749057e+01	7.607796e+02
5.000000e-06	3.197106e-09	2.792650e-09	1.719525e+01	7.557945e+02
5.010000e-06	3.141948e-09	2.773287e-09	1.689843e+01	7.505870e+02
5.020000e-06	3.086542e-09	2.753499e-09	1.660024e+01	7.452941e+02
5.030000e-06	3.030942e-09	2.733679e-09	1.630101e+01	7.399674e+02
5.040000e-06	2.975178e-09	2.713490e-09	1.600091e+01	7.345057e+02
5.050000e-06	2.919255e-09	2.693264e-09	1.570000e+01	7.290052e+02
5.060000e-06	2.863187e-09	2.673024e-09	1.539836e+01	7.234819e+02
5.070000e-06	2.806984e-09	2.651863e-09	1.509607e+01	7.177269e+02
5.080000e-06	2.750635e-09	2.629607e-09	1.479305e+01	7.117116e+02
5.090000e-06	2.694120e-09	2.606727e-09	1.448908e+01	7.055336e+02
5.100000e-06	2.637419e-09	2.583339e-09	1.418413e+01	6.991826e+02
5.110000e-06	2.580540e-09	2.559394e-09	1.387825e+01	6.926817e+02
5.120000e-06	2.523500e-09	2.534666e-09	1.357144e+01	6.860038e+02
5.130000e-06	2.466291e-09	2.508952e-09	1.326369e+01	6.790523e+02
5.140000e-06	2.408913e-09	2.482337e-09	1.295506e+01	6.718235e+02
5.150000e-06	2.351359e-09	2.454954e-09	1.264548e+01	6.643705e+02
5.160000e-06	2.293636e-09	2.427042e-09	1.233494e+01	6.567808e+02
5.170000e-06	2.235750e-09	2.398798e-09	1.202351e+01	6.490880e+02
5.180000e-06	2.177690e-09	2.369456e-09	1.171112e+01	6.411182e+02
5.190000e-06	2.119454e-09	2.338670e-09	1.139780e+01	6.327952e+02
5.200000e-06	2.061052e-09	2.307266e-09	1.108367e+01	6.242889e+02
5.210000e-06	2.002501e-09	2.275269e-09	1.076877e+01	6.156107e+02
5.220000e-06	1.943798e-09	2.242091e-09	1.045304e+01	6.066150e+02
5.230000e-06	1.884966e-09	2.207669e-09	1.013656e+01	5.972998e+02
5.240000e-06	1.826001e-09	2.172425e-09	9.819335e+00	5.877975e+02
5.250000e-06	1.766891e-09	2.136629e-09	9.501325e+00	5.781159e+02
5.260000e-06	1.707675e-09	2.100470e-09	9.182767e+00	5.682770e+02
5.270000e-06	1.648368e-09	2.063450e-09	8.863703e+00	5.582408e+02
5.280000e-06	1.588941e-09	2.024992e-09	8.543963e+00	5.478486e+02
5.290000e-06	1.529407e-09	1.985493e-09	8.223650e+00	5.371487e+02
5.300000e-06	1.469814e-09	1.945376e-09	7.903001e+00	5.262995e+02
5.310000e-06	1.410160e-09	1.904878e-09	7.582016e+00	5.153552e+02
5.320000e-06	1.350438e-09	1.863744e-09	7.260634e+00	5.042147e+02
5.330000e-06	1.290667e-09	1.821626e-09	6.938938e+00	4.928161e+02
5.340000e-06	1.230844e-09	1.778777e-09	6.616940e+00	4.812165e+02
5.350000e-06	1.170964e-09	1.735016e-09	6.294647e+00	4.693245e+02
5.360000e-06	1.111028e-09	1.690062e-09	5.972094e+00	4.570825e+02
5.370000e-06	1.051051e-09	1.644210e-09	5.649336e+00	4.446431e+02
5.380000e-06	9.910501e-10	1.597624e-09	5.326473e+00	4.320534e+02
5.390000e-06	9.310169e-10	1.550424e-09	5.003459e+00	4.192931e+02
5.400000e-06	8.709423e-10	1.502842e-09	4.680236e+00	4.063973e+02
5.410000e-06	8.108202e-10	1.454881e-09	4.356768e+00	3.933653e+02
5.420000e-06	7.506513e-10	1.406245e-09	4.033037e+00	3.801713e+02
5.430000e-06	6.904503e-10	1.356812e-09	3.709121e+00	3.668213e+02
5.440000e-06	6.302094e-10	1.307004e-09	3.385023e+00	3.533796e+02
5.450000e-06	5.699285e-10	1.257352e-09	3.060747e+00	3.399350e+02
5.460000e-06	5.096115e-10	1.207687e-09	2.736236e+00	3.264702e+02
5.470000e-06	4.492538e-10	1.157284e-09	2.411490e+00	3.128491e+02
5.480000e-06	3.888600e-10	1.106123e-09	2.086646e+00	2.990612e+02
5.490000e-06	3.284348e-10	1.054597e-09	1.761632e+00	2.851723e+02
5.500000e-06	2.679919e-10	1.002805e-09	1.436434e+00	2.711766e+02
5.510000e-06	2.075390e-10	9.510620e-10	1.111202e+00	2.571619e+02
5.520000e-06	1.470880e-10	8.996812e-10	7.860049e-01	2.432708e+02
5.530000e-06	8.664036e-11	8.486954e-10	4.607898e-01	2.295204e+02
5.540000e-06	2.619171e-11	7.978043e-10	1.355371e-01	2.157775e+02
5.550000e-06	-3.425772e-11	7.461983e-10	-1.896667e-01	2.018196e+02
5.560000e-06	-9.469374e-11	6.934585e-10	-5.147704e-01	1.875722e+02
5.570000e-06	-1.551168e-10	6.400932e-10	-8.398309e-01	1.731705e+02
5.580000e-06	-2.155405e-10	5.865206e-10	-1.164862e+00	1.587136e+02
5.590000e-06	-2.759548e-10	5.328477e-10	-1.489841e+00	1.442262e+02
5.600000e-06	-3.363520e-10	4.793077e-10	-1.814757e+00	1.297371e+02
5.610000e-06	-3.967149e-10	4.261003e-10	-2.139480e+00	1.153052e+02
5.620000e-06	-4.570325e-10	3.724482e-10	-2.463977e+00	1.007769e+02
5.630000e-06	-5.173163e-10	3.173173e-10	-2.788318e+00	8.586628e+01
5.640000e-06	-5.775725e-10	2.608294e-10	-3.112525e+00	7.055682e+01
5.650000e-06	-6.378078e-10	2.033520e-10	-3.436647e+00	5.494508e+01
5.660000e-06	-6.979874e-10	1.450471e-10	-3.760467e+00	3.909594e+01
5.670000e-06	-7.581120e-10	8.614110e-11	-4.083949e+00	2.308533e+01
5.680000e-06	-8.182034e-10	2.655034e-11	-4.407228e+00	6.889385e+00
5.690000e-06	-8.782383e-10	-3.436391e-11	-4.730242e+00	-9.674730e+00
5.700000e-06	-9.382371e-10	-9.684612e-11	-5.053058e+00	-2.667086e+01
5.710000e-06	-9.982091e-10	-1.609410e-10	-5.375698e+00	-4.408264e+01
5.720000e-06	-1.058140e-09	-2.268928e-10	-5.698157e+00	-6.196748e+01
5.730000e-06	-1.118027e-09	-2.948401e-10	-6.020426e+00	-8.038847e+01
5.740000e-06	-1.177871e-09	-3.646244e-10	-6.342451e+00	-9.930070e+01
5.750000e-06	-1.237681e-09	-4.355966e-10	-6.664291e+00	-1.185386e+02
5.760000e-06	-1.297447e-09	-5.070045e-10	-6.985916e+00	-1.379152e+02
5.770000e-06	-1.357164e-09	-5.786288e-10	-7.307254e+00	-1.573488e+02
5.780000e-06	-1.416818e-09	-6.512983e-10	-7.628227e+00	-1.770495e+02
5.790000e-06	-1.476401e-09	-7.252208e-10	-7.948772e+00	-1.970910e+02
5.800000e-06	-1.535902e-09	-7.995105e-10	-8.268840e+00	-2.172434e+02
5.810000e-06	-1.595300e-09	-8.735324e-10	-8.588401e+00	-2.373169e+02
5.820000e-06	-1.654582e-09	-9.467972e-10	-8.907376e+00	-2.571750e+02
5.830000e-06	-1.713760e-09	-1.019393e-09	-9.225723e+00	-2.768175e+02
5.840000e-06	-1.772844e-09	-1.091387e-09	-9.543540e+00	-2.962519e+02
5.850000e-06	-1.831794e-09	-1.162069e-09	-9.860575e+00	-3.153504e+02
5.860000e-06	-1.890583e-09	-1.231166e-09	-1.017675e+01	-3.340573e+02
5.870000e-06	-1.949226e-09	-1.298804e-09	-1.049227e+01	-3.523792e+02
5.880000e-06	-2.007724e-09	-1.364962e-09	-1.080707e+01	-3.702983e+02
5.890000e-06	-2.066063e-09	-1.429679e-09	-1.112102e+01	-3.878154e+02
5.900000e-06	-2.124243e-09	-1.492534e-09	-1.143407e+01	-4.048195e+02
5.910000e-06	-2.182275e-09	-1.552764e-09	-1.174626e+01	-4.211130e+02
5.920000e-06	-2.240150e-09	-1.610455e-09	-1.205762e+01	-4.367263e+02
5.930000e-06	-2.297864e-09	-1.666564e-09	-1.236811e+01	-4.518988e+02
5.940000e-06	-2.355409e-09	-1.721721e-09	-1.267765e+01	-4.667898e+02
5.950000e-06	-2.412770e-09	-1.775360e-09	-1.298616e+01	-4.812736e+02
5.960000e-06	-2.469930e-09	-1.826813e-09	-1.329363e+01	-4.951987e+02
5.970000e-06	-2.526885e-09	-1.876455e-09	-1.360001e+01	-5.086566e+02
5.980000e-06	-2.583664e-09	-1.924656e-09	-1.390536e+01	-5.217072e+02
5.990000e-06	-2.640278e-09	-1.971313e-09	-1.420982e+01	-5.343159e+02
6.000000e-06	-2.696705e-09	-2.016360e-09	-1.451335e+01	-5.464962e+02
6.010000e-06	-2.752951e-09	-2.059548e-09	-1.481597e+01	-5.582147e+02
6.020000e-06	-2.809056e-09	-2.101143e-09	-1.511782e+01	-5.695214e+02
6.030000e-06	-2.865038e-09	-2.141934e-09	-1.541902e+01	-5.805700e+02
6.040000e-06	-2.920898e-09	-2.182044e-09	-1.571961e+01	-5.913837e+02
6.050000e-06	-2.976633e-09	-2.220831e-09	-1.601953e+01	-6.018236e+02
6.060000e-06	-3.032228e-09	-2.257887e-09	-1.631863e+01	-6.118243e+02
6.070000e-06	-3.087619e-09	-2.293583e-09	-1.661661e+01	-6.214820e+02
6.080000e-06	-3.142757e-09	-2.328558e-09	-1.691319e+01	-6.309342e+02
6.090000e-06	-3.197588e-09	-2.362936e-09	-1.720803e+01	-6.402288e+02
6.100000e-06	-3.252074e-09	-2.396374e-09	-1.750106e+01	-6.492819e+02
6.110000e-06	-3.306202e-09	-2.428724e-09	-1.779213e+01	-6.580518e+02
6.120000e-06	-3.359921e-09	-2.459872e-09	-1.808092e+01	-6.665146e+02
6.130000e-06	-3.413255e-09	-2.489768e-09	-1.836766e+01	-6.746338e+02
6.140000e-06	-3.466238e-09	-2.518995e-09	-1.865251e+01	-6.825378e+02
6.150000e-06	-3.518878e-09	-2.547534e-09	-1.893558e+01	-6.902499e+02
6.160000e-06	-3.571223e-09	-2.574550e-09	-1.921718e+01	-6.975962e+02
6.170000e-06	-3.623309e-09	-2.600292e-09	-1.949739e+01	-7.046118e+02
6.180000e-06	-3.675150e-09	-2.625592e-09	-1.977626e+01	-7.114588e+02
6.190000e-06	-3.726754e-09	-2.650436e-09	-2.005383e+01	-7.181373e+02
6.200000e-06	-3.778097e-09	-2.674271e-09	-2.032997e+01	-7.245330e+02
6.210000e-06	-3.829164e-09	-2.697294e-09	-2.060462e+01	-7.307187e+02
6.220000e-06	-3.879932e-09	-2.719906e-09	-2.087768e+01	-7.368106e+02
6.230000e-06	-3.930397e-09	-2.742019e-09	-2.114916e+01	-7.427783e+02
6.240000e-06	-3.980566e-09	-2.763671e-09	-2.141905e+01	-7.486119e+02
6.250000e-06	-4.030432e-09	-2.784654e-09	-2.168726e+01	-7.542649e+02
6.260000e-06	-4.079981e-09	-2.804713e-09	-2.195376e+01	-7.596781e+02
6.270000e-06	-4.129187e-09	-2.824091e-09	-2.221840e+01	-7.648915e+02
6.280000e-06	-4.177974e-09	-2.843017e-09	-2.248073e+01	-7.699705e+02
6.290000e-06	-4.226305e-09	-2.861721e-09	-2.274055e+01	-7.750026e+02
6.300000e-06	-4.274174e-09	-2.880465e-09	-2.299792e+01	-7.800409e+02
6.310000e-06	-4.321614e-09	-2.899132e-09	-2.325299e+01	-7.850590e+02
6.320000e-06	-4.368682e-09	-2.917393e-09	-2.350616e+01	-7.899839e+02
6.330000e-06	-4.415435e-09	-2.934698e-09	-2.375774e+01	-7.946423e+02
6.340000e-06	-4.461953e-09	-2.950988e-09	-2.400808e+01	-7.990151e+02
6.350000e-06	-4.508265e-09	-2.966954e-09	-2.425729e+01	-8.032970e+02
6.360000e-06	-4.554349e-09	-2.982597e-09	-2.450525e+01	-8.075109e+02
6.370000e-06	-4.600168e-09	-2.997826e-09	-2.475175e+01	-8.116218e+02
6.380000e-06	-4.645690e-09	-3.012947e-09	-2.499658e+01	-8.156864e+02
6.390000e-06	-4.690861e-09	-3.027885e-09	-2.523948e+01	-8.197008e+02
6.400000e-06	-4.735677e-09	-3.042477e-09	-2.548051e+01	-8.236240e+02
6.410000e-06	-4.780171e-09	-3.056462e-09	-2.571987e+01	-8.273871e+02
6.420000e-06	-4.824375e-09	-3.069507e-09	-2.595774e+01	-8.308998e+02
6.430000e-06	-4.868366e-09	-3.081865e-09	-2.619446e+01	-8.342149e+02
6.440000e-06	-4.912160e-09	-3.094177e-09	-2.643008e+01	-8.375110e+02
6.450000e-06	-4.955716e-09	-3.106232e-09	-2.666439e+01	-8.407567e+02
6.460000e-06	-4.998979e-09	-3.117845e-09	-2.689711e+01	-8.438964e+02
6.470000e-06	-5.041889e-09	-3.129391e-09	-2.712796e+01	-8.470033e+02
6.480000e-06	-5.084410e-09	-3.140546e-09	-2.735674e+01	-8.499842e+02
6.490000e-06	-5.126579e-09	-3.151073e-09	-2.758360e+01	-8.527816e+02
6.500000e-06	-5.168438e-09	-3.161398e-09	-2.780877e+01	-8.555370e+02
6.510000e-06	-5.209961e-09	-3.171565e-09	-2.803215e+01	-8.582718e+02
6.520000e-06	-5.251127e-09	-3.181351e-09	-2.825355e+01	-8.609059e+02
6.530000e-06	-5.291911e-09	-3.190983e-09	-2.847283e+01	-8.634894e+02
6.540000e-06	-5.332320e-09	-3.200534e-09	-2.869015e+01	-8.660549e+02
6.550000e-06	-5.372422e-09	-3.209879e-09	-2.890589e+01	-8.685682e+02
6.560000e-06	-5.412278e-09	-3.219155e-09	-2.912032e+01	-8.710407e+02
6.570000e-06	-5.451900e-09	-3.228178e-09	-2.933349e+01	-8.734272e+02
6.580000e-06	-5.491205e-09	-3.236539e-09	-2.954488e+01	-8.756434e+02
6.590000e-06	-5.530056e-09	-3.244387e-09	-2.975377e+01	-8.777406e+02
6.600000e-06	-5.568325e-09	-3.252180e-09	-2.995953e+01	-8.798318e+02
6.610000e-06	-5.605947e-09	-3.260067e-09	-3.016181e+01	-8.819571e+02
6.620000e-06	-5.642971e-09	-3.268171e-09	-3.036089e+01	-8.841408e+02
6.630000e-06	-5.679491e-09	-3.276441e-09	-3.055725e+01	-8.863372e+02
6.640000e-06	-5.715625e-09	-3.284421e-09	-3.075158e+01	-8.884386e+02
6.650000e-06	-5.751486e-09	-3.291787e-09	-3.094453e+01	-8.904013e+02
6.660000e-06	-5.787082e-09	-3.298739e-09	-3.113608e+01	-8.922579e+02
6.670000e-06	-5.822349e-09	-3.305327e-09	-3.132581e+01	-8.940190e+02
6.680000e-06	-5.857206e-09	-3.311670e-09	-3.151329e+01	-8.957391e+02
6.690000e-06	-5.891620e-09	-3.318379e-09	-3.169835e+01	-8.975507e+02
6.700000e-06	-5.925630e-09	-3.325252e-09	-3.188127e+01	-8.993807e+02
6.710000e-06	-5.959242e-09	-3.331694e-09	-3.206206e+01	-9.010953e+02
6.720000e-06	-5.992405e-09	-3.338045e-09	-3.224041e+01	-9.027907e+02
6.730000e-06	-6.025110e-09	-3.344530e-09	-3.241624e+01	-9.045061e+02
6.740000e-06	-6.057422e-09	-3.350609e-09	-3.258999e+01	-9.061182e+02
6.750000e-06	-6.089412e-09	-3.355961e-09	-3.276210e+01	-9.075654e+02
6.760000e-06	-6.121084e-09	-3.361195e-09	-3.293254e+01	-9.089845e+02
6.770000e-06	-6.152352e-09	-3.366939e-09	-3.310069e+01	-9.105176e+02
6.780000e-06	-6.183078e-09	-3.372770e-09	-3.326581e+01	-9.120621e+02
6.790000e-06	-6.213153e-09	-3.378458e-09	-3.342741e+01	-9.135690e+02
6.800000e-06	-6.242536e-09	-3.384285e-09	-3.358530e+01	-9.151197e+02
6.810000e-06	-6.271300e-09	-3.389825e-09	-3.373989e+01	-9.166041e+02
6.820000e-06	-6.299610e-09	-3.394739e-09	-3.389209e+01	-9.179226e+02
6.830000e-06	-6.327610e-09	-3.399515e-09	-3.404269e+01	-9.191891e+02
6.840000e-06	-6.355321e-09	-3.404368e-09	-3.419176e+01	-9.204620e+02
6.850000e-06	-6.382689e-09	-3.409202e-09	-3.433896e+01	-9.217468e+02
6.860000e-06	-6.409607e-09	-3.413914e-09	-3.448372e+01	-9.230187e+02
6.870000e-06	-6.436032e-09	-3.418180e-09	-3.462587e+01	-9.241592e+02
6.880000e-06	-6.462016e-09	-3.422331e-09	-3.476561e+01	-9.252553e+02
6.890000e-06	-6.487545e-09	-3.427118e-09	-3.490284e+01	-9.265215e+02
6.900000e-06	-6.512591e-09	-3.432210e-09	-3.503747e+01	-9.278757e+02
6.910000e-06	-6.537162e-09	-3.436647e-09	-3.516959e+01	-9.290654e+02
6.920000e-06	-6.561351e-09	-3.440397e-09	-3.529970e+01	-9.300745e+02
6.930000e-06	-6.585247e-09	-3.444109e-09	-3.542825e+01	-9.310601e+02
6.940000e-06	-6.608813e-09	-3.447628e-09	-3.555500e+01	-9.319839e+02
6.950000e-06	-6.631917e-09	-3.450745e-09	-3.567921e+01	-9.328174e+02
6.960000e-06	-6.654398e-09	-3.453821e-09	-3.579998e+01	-9.336548e+02
6.970000e-06	-6.676164e-09	-3.457127e-09	-3.591689e+01	-9.345450e+02
6.980000e-06	-6.697223e-09	-3.461038e-09	-3.603000e+01	-9.355809e+02
6.990000e-06	-6.717710e-09	-3.465607e-09	-3.614012e+01	-9.367907e+02
7.000000e-06	-6.737805e-09	-3.469933e-09	-3.624821e+01	-9.379506e+02
7.010000e-06	-6.757588e-09	-3.473247e-09	-3.635464e+01	-9.388406e+02
7.020000e-06	-6.777008e-09	-3.475475e-09	-3.645905e+01	-9.394323e+02
7.030000e-06	-6.795959e-09	-3.477464e-09	-3.656092e+01	-9.399570e+02
7.040000e-06	-6.814421e-09	-3.480084e-09	-3.666024e+01	-9.406613e+02
7.050000e-06	-6.832443e-09	-3.483060e-09	-3.675720e+01	-9.414807e+02
7.060000e-06	-6.850026e-09	-3.486125e-09	-3.685178e+01	-9.423240e+02
7.070000e-06	-6.867134e-09	-3.489142e-09	-3.694382e+01	-9.431254e+02
7.080000e-06	-6.883776e-09	-3.492170e-09	-3.703334e+01	-9.439094e+02
7.090000e-06	-6.900021e-09	-3.495387e-09	-3.712073e+01	-9.447498e+02
7.100000e-06	-6.915925e-09	-3.498294e-09	-3.720631e+01	-9.455273e+02
7.110000e-06	-6.931444e-09	-3.500488e-09	-3.728976e+01	-9.461378e+02
7.120000e-06	-6.946389e-09	-3.502165e-09	-3.736999e+01	-9.466160e+02
7.130000e-06	-6.960532e-09	-3.503984e-09	-3.744583e+01	-9.471261e+02
7.140000e-06	-6.973852e-09	-3.506472e-09	-3.751725e+01	-9.477968e+02
7.150000e-06	-6.986518e-09	-3.508842e-09	-3.758523e+01	-9.484176e+02
7.160000e-06	-6.998662e-09	-3.510207e-09	-3.765050e+01	-9.487674e+02
7.170000e-06	-7.010334e-09	-3.511205e-09	-3.771325e+01	-9.490268e+02
7.180000e-06	-7.021504e-09	-3.513080e-09	-3.777323e+01	-9.495220e+02
7.190000e-06	-7.032156e-09	-3.515818e-09	-3.783036e+01	-9.502524e+02
7.200000e-06	-7.042337e-09	-3.518329e-09	-3.788501e+01	-9.509456e+02
7.210000e-06	-7.052065e-09	-3.520111e-09	-3.793737e+01	-9.514409e+02
7.220000e-06	-7.061300e-09	-3.521298e-09	-3.798710e+01	-9.517549e+02
7.230000e-06	-7.070040e-09	-3.522429e-09	-3.803407e+01	-9.520360e+02
7.240000e-06	-7.078367e-09	-3.523837e-09	-3.807878e+01	-9.523831e+02
7.250000e-06	-7.086345e-09	-3.525129e-09	-3.812169e+01	-9.527206e+02
7.260000e-06	-7.093957e-09	-3.526287e-09	-3.816264e+01	-9.530439e+02
7.270000e-06	-7.101068e-09	-3.527761e-09	-3.820089e+01	-9.534365e+02
7.280000e-06	-7.107512e-09	-3.529408e-09	-3.823556e+01	-9.538719e+02
7.290000e-06	-7.113200e-09	-3.530986e-09	-3.826607e+01	-9.543181e+02
7.300000e-06	-7.118161e-09	-3.532314e-09	-3.829259e+01	-9.546820e+02
7.310000e-06	-7.122554e-09	-3.532830e-09	-3.831609e+01	-9.548160e+02
7.320000e-06	-7.126559e-09	-3.532852e-09	-3.833763e+01	-9.548244e+02
7.330000e-06	-7.130234e-09	-3.533526e-09	-3.835744e+01	-9.549842e+02
7.340000e-06	-7.133495e-09	-3.534713e-09	-3.837494e+01	-9.552849e+02
7.350000e-06	-7.136260e-09	-3.535543e-09	-3.838973e+01	-9.555067e+02
7.360000e-06	-7.138556e-09	-3.536084e-09	-3.840198e+01	-9.556611e+02
7.370000e-06	-7.140428e-09	-3.536817e-09	-3.841199e+01	-9.558955e+02
7.380000e-06	-7.141814e-09	-3.537695e-09	-3.841944e+01	-9.561718e+02
7.390000e-06	-7.142632e-09	-3.538342e-09	-3.842382e+01	-9.563468e+02
