# Configuracion:
# Concentracion g/m^3_=_8100.0
# C_Vs_to_Am_M_A/Vsm_=_254322799225.57578
# pendiente_HvsI_1/m_=_3716.3
# ordenada_HvsI_A/m_=_1297.0
# frecuencia_ref_Hz_=_135198.05345619214
# 
Resultados:
# tau_s_=_(1.05+/-0.01)e-07
# dphi_rad_=_6.37+/-0.00
# SAR_W/g_=_248.08+/-2.82
# Hc_kA/m_=_4.53+/-0.02
# Mr_A/m_=_209.46+/-2.62
# Suceptibilidad_a_M=0_=_0.0516+/-0.0009

Nombre_archivo	Time_m	Temperatura_(ºC)	Mr_(A/m)	Hc_(kA/m)	Campo_max_(A/m)	Mag_max_(A/m)	f0	mag0	dphi0	SAR_(W/g)	Tau_(s)	N	xi_M_0
135kHz_100dA_100Mss_Ni0cRC008.txt	23/05/2024 16:48:29	19.3	203.51	4.55	38460.00	937.45	1.351960e+05	7.945970e+00	6.372482e+00	242.29	1.054056e-07	4438	5.014e-02
135kHz_100dA_100Mss_Ni0cRC009.txt	23/05/2024 16:48:30	19.3	202.82	4.53	38460.00	949.38	1.351656e+05	8.007950e+00	6.372065e+00	242.99	1.049096e-07	4439	4.963e-02
135kHz_100dA_100Mss_Ni0cRC010.txt	23/05/2024 16:48:31	19.3	206.33	4.52	38460.00	952.27	1.351960e+05	8.106856e+00	6.373253e+00	249.32	1.063215e-07	4438	5.046e-02
135kHz_100dA_100Mss_Ni0cRC011.txt	23/05/2024 16:48:32	19.3	207.13	4.53	38460.00	954.73	1.351960e+05	8.097777e+00	6.371539e+00	244.32	1.042860e-07	4438	5.042e-02
135kHz_100dA_100Mss_Ni0cRC012.txt	23/05/2024 16:48:34	19.3	208.21	4.54	38460.00	970.05	1.351960e+05	8.165051e+00	6.370876e+00	244.51	1.034981e-07	4438	5.068e-02
135kHz_100dA_100Mss_Ni0cRC013.txt	23/05/2024 16:48:35	19.4	209.30	4.52	38460.00	967.57	1.351960e+05	8.190427e+00	6.371545e+00	247.13	1.042942e-07	4438	5.168e-02
135kHz_100dA_100Mss_Ni0cRC014.txt	23/05/2024 16:48:36	19.3	207.85	4.54	38460.00	958.91	1.351960e+05	8.138763e+00	6.371996e+00	246.82	1.048264e-07	4438	5.093e-02
135kHz_100dA_100Mss_Ni0cRC015.txt	23/05/2024 16:48:37	19.3	208.38	4.54	38460.00	954.47	1.351960e+05	8.148920e+00	6.372209e+00	247.72	1.050804e-07	4438	5.107e-02
135kHz_100dA_100Mss_Ni0cRC016.txt	23/05/2024 16:48:38	19.3	207.47	4.51	38460.00	967.53	1.351656e+05	8.181405e+00	6.371656e+00	247.11	1.044269e-07	4439	5.117e-02
135kHz_100dA_100Mss_Ni0cRC017.txt	23/05/2024 16:48:39	19.4	209.35	4.54	38460.00	978.48	1.351656e+05	8.203888e+00	6.372686e+00	250.67	1.056466e-07	4439	5.114e-02
135kHz_100dA_100Mss_Ni0cRC018.txt	23/05/2024 16:48:40	19.3	210.57	4.56	38460.00	965.97	1.351960e+05	8.194823e+00	6.370589e+00	244.60	1.031595e-07	4438	5.175e-02
135kHz_100dA_100Mss_Ni0cRC019.txt	23/05/2024 16:48:43	19.3	210.43	4.54	38460.00	980.25	1.351656e+05	8.222752e+00	6.372915e+00	251.89	1.059177e-07	4439	5.165e-02
135kHz_100dA_100Mss_Ni0cRC020.txt	23/05/2024 16:48:44	19.3	209.14	4.51	38460.00	965.49	1.351656e+05	8.209716e+00	6.371749e+00	248.23	1.045351e-07	4439	5.172e-02
135kHz_100dA_100Mss_Ni0cRC021.txt	23/05/2024 16:48:45	19.3	209.26	4.50	38460.00	969.22	1.351656e+05	8.246226e+00	6.371007e+00	247.25	1.036550e-07	4439	5.201e-02
135kHz_100dA_100Mss_Ni0cRC022.txt	23/05/2024 16:48:46	19.4	211.46	4.56	38460.00	975.17	1.351960e+05	8.237339e+00	6.372179e+00	250.33	1.050448e-07	4438	5.217e-02
135kHz_100dA_100Mss_Ni0cRC023.txt	23/05/2024 16:48:47	19.3	210.51	4.54	38460.00	982.90	1.351960e+05	8.259025e+00	6.371549e+00	249.21	1.042964e-07	4438	5.219e-02
135kHz_100dA_100Mss_Ni0cRC024.txt	23/05/2024 16:48:48	19.3	210.83	4.55	38460.00	971.90	1.351960e+05	8.223263e+00	6.372387e+00	250.48	1.052898e-07	4438	5.184e-02
135kHz_100dA_100Mss_Ni0cRC025.txt	23/05/2024 16:48:49	19.3	210.48	4.53	38460.00	985.29	1.351960e+05	8.248857e+00	6.371821e+00	249.67	1.046182e-07	4438	5.127e-02
135kHz_100dA_100Mss_Ni0cRC026.txt	23/05/2024 16:48:50	19.3	212.99	4.55	38460.00	963.06	1.351960e+05	8.254468e+00	6.371026e+00	247.60	1.036751e-07	4438	5.233e-02
135kHz_100dA_100Mss_Ni0cRC027.txt	23/05/2024 16:48:51	19.3	210.69	4.50	38460.00	983.43	1.351960e+05	8.284688e+00	6.370569e+00	247.22	1.031326e-07	4438	5.273e-02
135kHz_100dA_100Mss_Ni0cRC028.txt	23/05/2024 16:48:52	19.3	212.63	4.52	38460.00	988.02	1.351960e+05	8.335765e+00	6.370602e+00	248.84	1.031734e-07	4438	5.280e-02
135kHz_100dA_100Mss_Ni0cRC029.txt	23/05/2024 16:48:54	19.3	213.84	4.55	38460.00	981.60	1.351960e+05	8.335354e+00	6.372129e+00	253.16	1.049838e-07	4438	5.271e-02
135kHz_100dA_100Mss_Ni0cRC030.txt	23/05/2024 16:48:55	19.4	212.19	4.51	38460.00	989.86	1.351960e+05	8.317202e+00	6.372488e+00	253.63	1.054112e-07	4438	5.264e-02
135kHz_100dA_100Mss_Ni0cRC031.txt	23/05/2024 16:48:56	19.3	212.03	4.50	38460.00	979.05	1.351960e+05	8.317425e+00	6.370852e+00	249.00	1.034705e-07	4438	5.331e-02
135kHz_100dA_100Mss_Ni0cRC032.txt	23/05/2024 16:48:57	19.3	209.07	4.57	38460.00	960.12	1.351960e+05	8.060672e+00	6.373301e+00	248.04	1.063774e-07	4438	5.117e-02
