# Temperatura_=_19.574074074074073
# Concentracion g/m^3_=_8100.0
# C_Vs_to_Am_M_A/Vsm_=_254322799225.57578
# pendiente_HvsI_1/m_=_3716.3
# ordenada_HvsI_A/m_=_1297.0
# frecuencia_Hz_=_135226.28930794646
# Promedio de 27 ciclos

Tiempo_(s)	Campo_(V.s)	Magnetizacion_(V.s)	Campo_(kA/m)	Magnetizacion_(A/m)
0.000000e+00	-7.126773e-09	-3.370770e-09	-3.840527e+01	-9.692148e+02
1.000000e-08	-7.126849e-09	-3.370925e-09	-3.840575e+01	-9.692423e+02
2.000000e-08	-7.126607e-09	-3.370650e-09	-3.840448e+01	-9.691729e+02
3.000000e-08	-7.125952e-09	-3.370412e-09	-3.840098e+01	-9.691326e+02
4.000000e-08	-7.124718e-09	-3.370170e-09	-3.839430e+01	-9.690961e+02
5.000000e-08	-7.122737e-09	-3.369896e-09	-3.838360e+01	-9.690362e+02
6.000000e-08	-7.119999e-09	-3.369759e-09	-3.836882e+01	-9.689886e+02
7.000000e-08	-7.116637e-09	-3.368625e-09	-3.835068e+01	-9.687140e+02
8.000000e-08	-7.112759e-09	-3.367157e-09	-3.832984e+01	-9.683306e+02
9.000000e-08	-7.108328e-09	-3.372420e-09	-3.830600e+01	-9.695426e+02
1.000000e-07	-7.103227e-09	-3.380193e-09	-3.827852e+01	-9.713958e+02
1.100000e-07	-7.097540e-09	-3.370535e-09	-3.824790e+01	-9.690331e+02
1.200000e-07	-7.091570e-09	-3.353439e-09	-3.821574e+01	-9.648427e+02
1.300000e-07	-7.085359e-09	-3.363369e-09	-3.818228e+01	-9.675050e+02
1.400000e-07	-7.078663e-09	-3.383847e-09	-3.814623e+01	-9.726348e+02
1.500000e-07	-7.071370e-09	-3.372308e-09	-3.810695e+01	-9.694144e+02
1.600000e-07	-7.063647e-09	-3.349651e-09	-3.806528e+01	-9.636611e+02
1.700000e-07	-7.055640e-09	-3.364149e-09	-3.802207e+01	-9.677117e+02
1.800000e-07	-7.047204e-09	-3.386460e-09	-3.797655e+01	-9.734256e+02
1.900000e-07	-7.038223e-09	-3.368126e-09	-3.792805e+01	-9.682713e+02
2.000000e-07	-7.028709e-09	-3.345454e-09	-3.787666e+01	-9.623984e+02
2.100000e-07	-7.018583e-09	-3.364838e-09	-3.782198e+01	-9.678107e+02
2.200000e-07	-7.007693e-09	-3.381670e-09	-3.776328e+01	-9.722483e+02
2.300000e-07	-6.996085e-09	-3.357662e-09	-3.770073e+01	-9.656296e+02
2.400000e-07	-6.983972e-09	-3.345796e-09	-3.763544e+01	-9.623667e+02
2.500000e-07	-6.971370e-09	-3.369894e-09	-3.756756e+01	-9.687731e+02
2.600000e-07	-6.958158e-09	-3.373052e-09	-3.749642e+01	-9.695286e+02
2.700000e-07	-6.944363e-09	-3.349009e-09	-3.742213e+01	-9.630532e+02
2.800000e-07	-6.930040e-09	-3.354662e-09	-3.734492e+01	-9.645596e+02
2.900000e-07	-6.915046e-09	-3.372454e-09	-3.726405e+01	-9.692818e+02
3.000000e-07	-6.899284e-09	-3.355439e-09	-3.717908e+01	-9.646810e+02
3.100000e-07	-6.882864e-09	-3.344305e-09	-3.709058e+01	-9.616356e+02
3.200000e-07	-6.865940e-09	-3.365835e-09	-3.699933e+01	-9.673913e+02
3.300000e-07	-6.848610e-09	-3.362543e-09	-3.690596e+01	-9.665988e+02
3.400000e-07	-6.830920e-09	-3.337421e-09	-3.681069e+01	-9.599020e+02
3.500000e-07	-6.812840e-09	-3.346758e-09	-3.671327e+01	-9.623442e+02
3.600000e-07	-6.794243e-09	-3.361934e-09	-3.661305e+01	-9.663865e+02
3.700000e-07	-6.775081e-09	-3.340178e-09	-3.650979e+01	-9.604946e+02
3.800000e-07	-6.755457e-09	-3.330369e-09	-3.640403e+01	-9.577054e+02
3.900000e-07	-6.735502e-09	-3.351305e-09	-3.629652e+01	-9.632730e+02
4.000000e-07	-6.715242e-09	-3.348840e-09	-3.618734e+01	-9.625983e+02
4.100000e-07	-6.694595e-09	-3.329698e-09	-3.607605e+01	-9.573863e+02
4.200000e-07	-6.673461e-09	-3.335372e-09	-3.596217e+01	-9.589673e+02
4.300000e-07	-6.651838e-09	-3.339370e-09	-3.584565e+01	-9.601409e+02
4.400000e-07	-6.629780e-09	-3.325782e-09	-3.572677e+01	-9.563054e+02
4.500000e-07	-6.607270e-09	-3.327264e-09	-3.560546e+01	-9.565203e+02
4.600000e-07	-6.584245e-09	-3.333490e-09	-3.548137e+01	-9.583075e+02
4.700000e-07	-6.560747e-09	-3.321754e-09	-3.535476e+01	-9.551781e+02
4.800000e-07	-6.536906e-09	-3.317540e-09	-3.522631e+01	-9.538747e+02
4.900000e-07	-6.512784e-09	-3.324825e-09	-3.509634e+01	-9.558538e+02
5.000000e-07	-6.488279e-09	-3.317602e-09	-3.496423e+01	-9.539118e+02
5.100000e-07	-6.463191e-09	-3.309483e-09	-3.482890e+01	-9.515228e+02
5.200000e-07	-6.437372e-09	-3.312708e-09	-3.468962e+01	-9.523989e+02
5.300000e-07	-6.410791e-09	-3.309339e-09	-3.454631e+01	-9.515834e+02
5.400000e-07	-6.383561e-09	-3.303344e-09	-3.439959e+01	-9.497540e+02
5.500000e-07	-6.355882e-09	-3.305213e-09	-3.425046e+01	-9.501700e+02
5.600000e-07	-6.327878e-09	-3.299991e-09	-3.409963e+01	-9.489520e+02
5.700000e-07	-6.299580e-09	-3.291258e-09	-3.394718e+01	-9.465082e+02
5.800000e-07	-6.270924e-09	-3.292437e-09	-3.379272e+01	-9.465993e+02
5.900000e-07	-6.241827e-09	-3.290367e-09	-3.363588e+01	-9.460919e+02
6.000000e-07	-6.212287e-09	-3.281914e-09	-3.347671e+01	-9.437777e+02
6.100000e-07	-6.182345e-09	-3.281080e-09	-3.331539e+01	-9.433576e+02
6.200000e-07	-6.152013e-09	-3.279376e-09	-3.315195e+01	-9.429713e+02
6.300000e-07	-6.121245e-09	-3.271198e-09	-3.298612e+01	-9.408400e+02
6.400000e-07	-6.090038e-09	-3.268733e-09	-3.281790e+01	-9.399870e+02
6.500000e-07	-6.058446e-09	-3.267436e-09	-3.264769e+01	-9.395689e+02
6.600000e-07	-6.026536e-09	-3.259372e-09	-3.247582e+01	-9.374503e+02
6.700000e-07	-5.994357e-09	-3.254652e-09	-3.230244e+01	-9.360399e+02
6.800000e-07	-5.961799e-09	-3.253480e-09	-3.212696e+01	-9.356003e+02
6.900000e-07	-5.928681e-09	-3.247371e-09	-3.194841e+01	-9.339755e+02
7.000000e-07	-5.894903e-09	-3.241873e-09	-3.176633e+01	-9.324330e+02
7.100000e-07	-5.860452e-09	-3.239196e-09	-3.158059e+01	-9.316114e+02
7.200000e-07	-5.825389e-09	-3.233214e-09	-3.139156e+01	-9.299891e+02
7.300000e-07	-5.789873e-09	-3.227073e-09	-3.120015e+01	-9.282621e+02
7.400000e-07	-5.754062e-09	-3.223892e-09	-3.100720e+01	-9.272604e+02
7.500000e-07	-5.718017e-09	-3.218876e-09	-3.081303e+01	-9.258271e+02
7.600000e-07	-5.681688e-09	-3.212889e-09	-3.061732e+01	-9.241580e+02
7.700000e-07	-5.644990e-09	-3.208382e-09	-3.041957e+01	-9.228636e+02
7.800000e-07	-5.607853e-09	-3.203070e-09	-3.021943e+01	-9.213643e+02
7.900000e-07	-5.570280e-09	-3.197015e-09	-3.001697e+01	-9.196423e+02
8.000000e-07	-5.532333e-09	-3.191888e-09	-2.981250e+01	-9.181603e+02
8.100000e-07	-5.494006e-09	-3.186129e-09	-2.960595e+01	-9.165368e+02
8.200000e-07	-5.455248e-09	-3.180027e-09	-2.939716e+01	-9.148034e+02
8.300000e-07	-5.416062e-09	-3.174700e-09	-2.918611e+01	-9.132606e+02
8.400000e-07	-5.376508e-09	-3.168872e-09	-2.897307e+01	-9.116029e+02
8.500000e-07	-5.336673e-09	-3.161856e-09	-2.875848e+01	-9.096391e+02
8.600000e-07	-5.296605e-09	-3.154835e-09	-2.854259e+01	-9.076735e+02
8.700000e-07	-5.256301e-09	-3.148132e-09	-2.832543e+01	-9.057758e+02
8.800000e-07	-5.215724e-09	-3.141837e-09	-2.810679e+01	-9.039468e+02
8.900000e-07	-5.174745e-09	-3.135528e-09	-2.788596e+01	-9.021049e+02
9.000000e-07	-5.133200e-09	-3.128505e-09	-2.766201e+01	-9.001059e+02
9.100000e-07	-5.091029e-09	-3.121130e-09	-2.743461e+01	-8.980261e+02
9.200000e-07	-5.048239e-09	-3.114049e-09	-2.720388e+01	-8.959920e+02
9.300000e-07	-5.004920e-09	-3.106552e-09	-2.697042e+01	-8.938311e+02
9.400000e-07	-4.961252e-09	-3.098186e-09	-2.673516e+01	-8.914525e+02
9.500000e-07	-4.917340e-09	-3.089587e-09	-2.649861e+01	-8.890216e+02
9.600000e-07	-4.873198e-09	-3.081410e-09	-2.626081e+01	-8.866948e+02
9.700000e-07	-4.828802e-09	-3.073844e-09	-2.602160e+01	-8.845163e+02
9.800000e-07	-4.784108e-09	-3.066359e-09	-2.578073e+01	-8.823315e+02
9.900000e-07	-4.739064e-09	-3.058378e-09	-2.553796e+01	-8.800155e+02
1.000000e-06	-4.693664e-09	-3.049345e-09	-2.529329e+01	-8.774472e+02
1.010000e-06	-4.647945e-09	-3.039938e-09	-2.504689e+01	-8.747766e+02
1.020000e-06	-4.601928e-09	-3.030994e-09	-2.479894e+01	-8.721963e+02
1.030000e-06	-4.555613e-09	-3.021817e-09	-2.454941e+01	-8.695405e+02
1.040000e-06	-4.508987e-09	-3.011594e-09	-2.429821e+01	-8.666256e+02
1.050000e-06	-4.462005e-09	-3.000915e-09	-2.404506e+01	-8.636101e+02
1.060000e-06	-4.414673e-09	-2.990380e-09	-2.379004e+01	-8.606057e+02
1.070000e-06	-4.367054e-09	-2.980099e-09	-2.353353e+01	-8.576273e+02
1.080000e-06	-4.319198e-09	-2.970105e-09	-2.327577e+01	-8.547253e+02
1.090000e-06	-4.271123e-09	-2.959960e-09	-2.301677e+01	-8.518017e+02
1.100000e-06	-4.222799e-09	-2.948856e-09	-2.275638e+01	-8.486299e+02
1.110000e-06	-4.174197e-09	-2.937259e-09	-2.249448e+01	-8.453225e+02
1.120000e-06	-4.125248e-09	-2.925620e-09	-2.223072e+01	-8.419932e+02
1.130000e-06	-4.075867e-09	-2.913390e-09	-2.196459e+01	-8.384890e+02
1.140000e-06	-4.026020e-09	-2.900702e-09	-2.169582e+01	-8.348510e+02
1.150000e-06	-3.975683e-09	-2.888249e-09	-2.142443e+01	-8.312838e+02
1.160000e-06	-3.924900e-09	-2.875878e-09	-2.115079e+01	-8.277326e+02
1.170000e-06	-3.873756e-09	-2.863514e-09	-2.087522e+01	-8.241586e+02
1.180000e-06	-3.822302e-09	-2.850970e-09	-2.059793e+01	-8.205311e+02
1.190000e-06	-3.770565e-09	-2.837183e-09	-2.031913e+01	-8.165809e+02
1.200000e-06	-3.718552e-09	-2.822203e-09	-2.003891e+01	-8.123173e+02
1.210000e-06	-3.666259e-09	-2.807655e-09	-1.975723e+01	-8.081447e+02
1.220000e-06	-3.613697e-09	-2.793517e-09	-1.947404e+01	-8.040442e+02
1.230000e-06	-3.560855e-09	-2.778610e-09	-1.918928e+01	-7.997438e+02
1.240000e-06	-3.507742e-09	-2.763153e-09	-1.890313e+01	-7.953138e+02
1.250000e-06	-3.454375e-09	-2.747902e-09	-1.861563e+01	-7.909227e+02
1.260000e-06	-3.400766e-09	-2.732483e-09	-1.832679e+01	-7.864705e+02
1.270000e-06	-3.346944e-09	-2.715954e-09	-1.803689e+01	-7.817135e+02
1.280000e-06	-3.292920e-09	-2.698158e-09	-1.774592e+01	-7.766198e+02
1.290000e-06	-3.238695e-09	-2.679444e-09	-1.745380e+01	-7.712910e+02
1.300000e-06	-3.184263e-09	-2.660753e-09	-1.716052e+01	-7.659788e+02
1.310000e-06	-3.129597e-09	-2.643095e-09	-1.686600e+01	-7.609038e+02
1.320000e-06	-3.074675e-09	-2.625560e-09	-1.657013e+01	-7.557963e+02
1.330000e-06	-3.019517e-09	-2.606668e-09	-1.627297e+01	-7.503193e+02
1.340000e-06	-2.964122e-09	-2.586708e-09	-1.597451e+01	-7.445833e+02
1.350000e-06	-2.908523e-09	-2.565999e-09	-1.567499e+01	-7.386634e+02
1.360000e-06	-2.852761e-09	-2.544163e-09	-1.537465e+01	-7.324318e+02
1.370000e-06	-2.796864e-09	-2.521672e-09	-1.507359e+01	-7.259849e+02
1.380000e-06	-2.740869e-09	-2.499447e-09	-1.477196e+01	-7.195820e+02
1.390000e-06	-2.684781e-09	-2.477287e-09	-1.446980e+01	-7.131908e+02
1.400000e-06	-2.628596e-09	-2.454799e-09	-1.416714e+01	-7.066972e+02
1.410000e-06	-2.572294e-09	-2.431913e-09	-1.386386e+01	-7.000863e+02
1.420000e-06	-2.515861e-09	-2.408176e-09	-1.355985e+01	-6.932345e+02
1.430000e-06	-2.459274e-09	-2.382680e-09	-1.325500e+01	-6.859133e+02
1.440000e-06	-2.402492e-09	-2.355756e-09	-1.294901e+01	-6.782295e+02
1.450000e-06	-2.345499e-09	-2.329110e-09	-1.264181e+01	-6.705959e+02
1.460000e-06	-2.288247e-09	-2.302925e-09	-1.233328e+01	-6.630233e+02
1.470000e-06	-2.230723e-09	-2.275864e-09	-1.202335e+01	-6.551834e+02
1.480000e-06	-2.172914e-09	-2.247221e-09	-1.171189e+01	-6.469335e+02
1.490000e-06	-2.114811e-09	-2.217460e-09	-1.139880e+01	-6.383845e+02
1.500000e-06	-2.056422e-09	-2.187296e-09	-1.108418e+01	-6.297164e+02
1.510000e-06	-1.997755e-09	-2.156367e-09	-1.076804e+01	-6.208211e+02
1.520000e-06	-1.938873e-09	-2.123972e-09	-1.045074e+01	-6.114841e+02
1.530000e-06	-1.879799e-09	-2.090319e-09	-1.013244e+01	-6.017933e+02
1.540000e-06	-1.820537e-09	-2.056038e-09	-9.813105e+00	-5.919420e+02
1.550000e-06	-1.761117e-09	-2.021259e-09	-9.492960e+00	-5.819365e+02
1.560000e-06	-1.701587e-09	-1.985917e-09	-9.172281e+00	-5.717404e+02
1.570000e-06	-1.641964e-09	-1.949895e-09	-8.851106e+00	-5.613363e+02
1.580000e-06	-1.582242e-09	-1.912851e-09	-8.529398e+00	-5.506520e+02
1.590000e-06	-1.522441e-09	-1.874902e-09	-8.207285e+00	-5.397222e+02
1.600000e-06	-1.462574e-09	-1.836313e-09	-7.884821e+00	-5.286029e+02
1.610000e-06	-1.402643e-09	-1.796876e-09	-7.561988e+00	-5.172423e+02
1.620000e-06	-1.342660e-09	-1.756382e-09	-7.238854e+00	-5.055844e+02
1.630000e-06	-1.282629e-09	-1.714979e-09	-6.915452e+00	-4.936802e+02
1.640000e-06	-1.222544e-09	-1.673100e-09	-6.591744e+00	-4.816486e+02
1.650000e-06	-1.162412e-09	-1.631178e-09	-6.267798e+00	-4.695864e+02
1.660000e-06	-1.102239e-09	-1.589005e-09	-5.943662e+00	-4.574216e+02
1.670000e-06	-1.042021e-09	-1.546151e-09	-5.619284e+00	-4.450399e+02
1.680000e-06	-9.817624e-10	-1.502429e-09	-5.294658e+00	-4.324026e+02
1.690000e-06	-9.214649e-10	-1.457562e-09	-4.969784e+00	-4.194592e+02
1.700000e-06	-8.611129e-10	-1.411849e-09	-4.644631e+00	-4.062912e+02
1.710000e-06	-8.007201e-10	-1.365714e-09	-4.319233e+00	-3.929913e+02
1.720000e-06	-7.402787e-10	-1.319067e-09	-3.993572e+00	-3.795532e+02
1.730000e-06	-6.797907e-10	-1.272279e-09	-3.667671e+00	-3.660853e+02
1.740000e-06	-6.192573e-10	-1.225351e-09	-3.341498e+00	-3.525823e+02
1.750000e-06	-5.586756e-10	-1.177574e-09	-3.015070e+00	-3.388276e+02
1.760000e-06	-4.980576e-10	-1.129106e-09	-2.688441e+00	-3.248511e+02
1.770000e-06	-4.374053e-10	-1.080897e-09	-2.361611e+00	-3.109293e+02
1.780000e-06	-3.767247e-10	-1.032762e-09	-2.034587e+00	-2.970412e+02
1.790000e-06	-3.160167e-10	-9.839947e-10	-1.707429e+00	-2.830148e+02
1.800000e-06	-2.552711e-10	-9.347001e-10	-1.380097e+00	-2.688566e+02
1.810000e-06	-1.945141e-10	-8.852268e-10	-1.052720e+00	-2.546298e+02
1.820000e-06	-1.337806e-10	-8.358322e-10	-7.255235e-01	-2.404034e+02
1.830000e-06	-7.305267e-11	-7.863134e-10	-3.983323e-01	-2.261409e+02
1.840000e-06	-1.232755e-11	-7.362666e-10	-7.107599e-02	-2.117353e+02
1.850000e-06	4.838766e-11	-6.858041e-10	2.561253e-01	-1.972184e+02
1.860000e-06	1.090927e-10	-6.355153e-10	5.832440e-01	-1.827411e+02
1.870000e-06	1.698008e-10	-5.856663e-10	9.103550e-01	-1.683779e+02
1.880000e-06	2.305092e-10	-5.358567e-10	1.237450e+00	-1.540507e+02
1.890000e-06	2.911968e-10	-4.854045e-10	1.564427e+00	-1.395602e+02
1.900000e-06	3.518684e-10	-4.337431e-10	1.891341e+00	-1.247274e+02
1.910000e-06	4.125143e-10	-3.818469e-10	2.218167e+00	-1.097832e+02
1.920000e-06	4.731326e-10	-3.303418e-10	2.544788e+00	-9.489873e+01
1.930000e-06	5.337283e-10	-2.783288e-10	2.871255e+00	-7.989694e+01
1.940000e-06	5.943013e-10	-2.255136e-10	3.197606e+00	-6.470135e+01
1.950000e-06	6.548333e-10	-1.720745e-10	3.523756e+00	-4.932130e+01
1.960000e-06	7.152899e-10	-1.180305e-10	3.849534e+00	-3.375075e+01
1.970000e-06	7.756974e-10	-6.327897e-11	4.175022e+00	-1.796492e+01
1.980000e-06	8.360629e-10	-7.529867e-12	4.500266e+00	-1.901815e+00
1.990000e-06	8.963800e-10	5.015096e-11	4.825246e+00	1.470004e+01
2.000000e-06	9.566662e-10	1.097504e-10	5.150035e+00	3.186317e+01
2.010000e-06	1.016926e-09	1.702853e-10	5.474668e+00	4.934275e+01
2.020000e-06	1.077144e-09	2.316612e-10	5.799089e+00	6.709187e+01
2.030000e-06	1.137313e-09	2.941969e-10	6.123253e+00	8.514450e+01
2.040000e-06	1.197441e-09	3.581398e-10	6.447198e+00	1.035679e+02
2.050000e-06	1.257521e-09	4.235863e-10	6.770897e+00	1.224122e+02
2.060000e-06	1.317557e-09	4.900101e-10	7.094316e+00	1.415546e+02
2.070000e-06	1.377538e-09	5.573138e-10	7.417432e+00	1.609460e+02
2.080000e-06	1.437454e-09	6.257462e-10	7.740234e+00	1.806091e+02
2.090000e-06	1.497292e-09	6.945285e-10	8.062646e+00	2.003608e+02
2.100000e-06	1.557054e-09	7.627488e-10	8.384610e+00	2.200125e+02
2.110000e-06	1.616732e-09	8.306408e-10	8.706096e+00	2.396083e+02
2.120000e-06	1.676296e-09	8.985308e-10	9.026993e+00	2.591788e+02
2.130000e-06	1.735734e-09	9.663404e-10	9.347203e+00	2.786754e+02
2.140000e-06	1.795058e-09	1.033537e-09	9.666834e+00	2.979821e+02
2.150000e-06	1.854262e-09	1.099574e-09	9.985868e+00	3.169776e+02
2.160000e-06	1.913274e-09	1.164499e-09	1.030391e+01	3.356731e+02
2.170000e-06	1.972071e-09	1.227978e-09	1.062083e+01	3.539502e+02
2.180000e-06	2.030687e-09	1.289366e-09	1.093675e+01	3.716170e+02
2.190000e-06	2.089098e-09	1.348499e-09	1.125159e+01	3.886528e+02
2.200000e-06	2.147253e-09	1.406098e-09	1.156511e+01	4.052598e+02
2.210000e-06	2.205147e-09	1.462745e-09	1.187723e+01	4.215715e+02
2.220000e-06	2.262776e-09	1.517961e-09	1.218796e+01	4.374528e+02
2.230000e-06	2.320131e-09	1.571530e-09	1.249721e+01	4.528477e+02
2.240000e-06	2.377218e-09	1.623608e-09	1.280494e+01	4.677992e+02
2.250000e-06	2.434038e-09	1.673890e-09	1.311117e+01	4.822659e+02
2.260000e-06	2.490637e-09	1.722280e-09	1.341620e+01	4.962400e+02
2.270000e-06	2.547057e-09	1.769075e-09	1.372020e+01	5.097445e+02
2.280000e-06	2.603310e-09	1.814268e-09	1.402326e+01	5.227508e+02
2.290000e-06	2.659439e-09	1.858274e-09	1.432566e+01	5.354027e+02
2.300000e-06	2.715470e-09	1.901715e-09	1.462752e+01	5.478743e+02
2.310000e-06	2.771385e-09	1.943718e-09	1.492875e+01	5.599454e+02
2.320000e-06	2.827163e-09	1.984002e-09	1.522929e+01	5.715462e+02
2.330000e-06	2.882795e-09	2.023244e-09	1.552907e+01	5.828458e+02
2.340000e-06	2.938254e-09	2.061262e-09	1.582793e+01	5.938016e+02
2.350000e-06	2.993516e-09	2.097790e-09	1.612568e+01	6.043450e+02
2.360000e-06	3.048568e-09	2.133081e-09	1.642230e+01	6.145320e+02
2.370000e-06	3.103389e-09	2.167648e-09	1.671769e+01	6.244794e+02
2.380000e-06	3.157984e-09	2.201395e-09	1.701185e+01	6.341620e+02
2.390000e-06	3.212371e-09	2.233861e-09	1.730490e+01	6.434871e+02
2.400000e-06	3.266551e-09	2.265207e-09	1.759686e+01	6.525035e+02
2.410000e-06	3.320536e-09	2.295845e-09	1.788774e+01	6.613274e+02
2.420000e-06	3.374289e-09	2.325626e-09	1.817733e+01	6.699178e+02
2.430000e-06	3.427804e-09	2.354250e-09	1.846570e+01	6.781544e+02
2.440000e-06	3.481081e-09	2.381851e-09	1.875276e+01	6.860736e+02
2.450000e-06	3.534083e-09	2.408625e-09	1.903839e+01	6.937688e+02
2.460000e-06	3.586818e-09	2.434571e-09	1.932261e+01	7.012440e+02
2.470000e-06	3.639278e-09	2.460030e-09	1.960534e+01	7.085621e+02
2.480000e-06	3.691457e-09	2.484990e-09	1.988654e+01	7.157404e+02
2.490000e-06	3.743363e-09	2.509165e-09	2.016624e+01	7.227099e+02
2.500000e-06	3.794988e-09	2.532737e-09	2.044444e+01	7.294797e+02
2.510000e-06	3.846292e-09	2.556041e-09	2.072093e+01	7.361457e+02
2.520000e-06	3.897214e-09	2.578948e-09	2.099543e+01	7.426982e+02
2.530000e-06	3.947702e-09	2.600814e-09	2.126767e+01	7.489651e+02
2.540000e-06	3.997741e-09	2.621807e-09	2.153745e+01	7.549897e+02
2.550000e-06	4.047322e-09	2.642408e-09	2.180473e+01	7.609180e+02
2.560000e-06	4.096445e-09	2.662362e-09	2.206956e+01	7.666708e+02
2.570000e-06	4.145189e-09	2.681608e-09	2.233228e+01	7.722011e+02
2.580000e-06	4.193650e-09	2.700301e-09	2.259343e+01	7.775498e+02
2.590000e-06	4.241873e-09	2.718592e-09	2.285326e+01	7.827795e+02
2.600000e-06	4.289876e-09	2.736379e-09	2.311188e+01	7.878720e+02
2.610000e-06	4.337657e-09	2.753339e-09	2.336932e+01	7.927390e+02
2.620000e-06	4.385190e-09	2.769869e-09	2.362545e+01	7.974776e+02
2.630000e-06	4.432435e-09	2.786015e-09	2.388008e+01	8.020976e+02
2.640000e-06	4.479341e-09	2.801145e-09	2.413289e+01	8.064405e+02
2.650000e-06	4.525893e-09	2.815675e-09	2.438372e+01	8.106044e+02
2.660000e-06	4.572105e-09	2.830367e-09	2.463276e+01	8.147912e+02
2.670000e-06	4.618008e-09	2.844486e-09	2.488017e+01	8.188266e+02
2.680000e-06	4.663616e-09	2.857592e-09	2.512599e+01	8.225986e+02
2.690000e-06	4.708919e-09	2.870737e-09	2.537014e+01	8.263837e+02
2.700000e-06	4.753908e-09	2.884395e-09	2.561259e+01	8.302973e+02
2.710000e-06	4.798585e-09	2.897796e-09	2.585336e+01	8.341290e+02
2.720000e-06	4.842988e-09	2.910527e-09	2.609263e+01	8.377620e+02
2.730000e-06	4.887163e-09	2.922676e-09	2.633064e+01	8.412252e+02
2.740000e-06	4.931135e-09	2.934311e-09	2.656756e+01	8.445631e+02
2.750000e-06	4.974883e-09	2.945863e-09	2.680331e+01	8.478781e+02
2.760000e-06	5.018327e-09	2.957254e-09	2.703747e+01	8.511257e+02
2.770000e-06	5.061323e-09	2.968233e-09	2.726930e+01	8.542651e+02
2.780000e-06	5.103756e-09	2.979473e-09	2.749816e+01	8.574779e+02
2.790000e-06	5.145573e-09	2.991326e-09	2.772373e+01	8.608381e+02
2.800000e-06	5.186793e-09	3.002776e-09	2.794604e+01	8.640844e+02
2.810000e-06	5.227526e-09	3.012970e-09	2.816560e+01	8.669943e+02
2.820000e-06	5.267893e-09	3.022314e-09	2.838310e+01	8.696754e+02
2.830000e-06	5.307990e-09	3.031313e-09	2.859908e+01	8.722700e+02
2.840000e-06	5.347870e-09	3.040318e-09	2.881386e+01	8.748625e+02
2.850000e-06	5.387493e-09	3.049972e-09	2.902729e+01	8.776008e+02
2.860000e-06	5.426769e-09	3.060063e-09	2.923896e+01	8.804480e+02
2.870000e-06	5.465637e-09	3.069700e-09	2.944845e+01	8.831715e+02
2.880000e-06	5.504098e-09	3.079170e-09	2.965572e+01	8.858392e+02
2.890000e-06	5.542162e-09	3.088458e-09	2.986083e+01	8.884816e+02
2.900000e-06	5.579821e-09	3.096661e-09	3.006378e+01	8.908443e+02
2.910000e-06	5.617065e-09	3.103931e-09	3.026453e+01	8.929318e+02
2.920000e-06	5.653920e-09	3.110945e-09	3.046316e+01	8.949504e+02
2.930000e-06	5.690440e-09	3.118257e-09	3.065996e+01	8.970644e+02
2.940000e-06	5.726678e-09	3.126399e-09	3.085519e+01	8.993853e+02
2.950000e-06	5.762674e-09	3.134796e-09	3.104907e+01	9.017630e+02
2.960000e-06	5.798382e-09	3.142801e-09	3.124144e+01	9.040242e+02
2.970000e-06	5.833697e-09	3.149907e-09	3.143173e+01	9.060392e+02
2.980000e-06	5.868494e-09	3.155860e-09	3.161934e+01	9.077787e+02
2.990000e-06	5.902657e-09	3.161682e-09	3.180362e+01	9.094897e+02
3.000000e-06	5.936131e-09	3.167886e-09	3.198412e+01	9.112720e+02
3.010000e-06	5.969012e-09	3.174252e-09	3.216135e+01	9.130790e+02
3.020000e-06	6.001452e-09	3.180905e-09	3.233618e+01	9.149576e+02
3.030000e-06	6.033558e-09	3.187859e-09	3.250918e+01	9.169257e+02
3.040000e-06	6.065375e-09	3.194646e-09	3.268062e+01	9.188523e+02
3.050000e-06	6.096852e-09	3.200780e-09	3.285023e+01	9.205882e+02
3.060000e-06	6.127909e-09	3.206227e-09	3.301756e+01	9.221379e+02
3.070000e-06	6.158523e-09	3.211522e-09	3.318258e+01	9.236589e+02
3.080000e-06	6.188694e-09	3.216963e-09	3.334519e+01	9.252274e+02
3.090000e-06	6.218421e-09	3.222375e-09	3.350537e+01	9.267756e+02
3.100000e-06	6.247741e-09	3.227585e-09	3.366331e+01	9.282514e+02
3.110000e-06	6.276667e-09	3.232384e-09	3.381915e+01	9.296083e+02
3.120000e-06	6.305215e-09	3.237167e-09	3.397295e+01	9.309511e+02
3.130000e-06	6.333462e-09	3.242129e-09	3.412510e+01	9.323582e+02
3.140000e-06	6.361429e-09	3.246746e-09	3.427578e+01	9.336978e+02
3.150000e-06	6.389068e-09	3.251128e-09	3.442473e+01	9.349613e+02
3.160000e-06	6.416245e-09	3.255595e-09	3.457123e+01	9.362257e+02
3.170000e-06	6.442749e-09	3.259901e-09	3.471419e+01	9.374541e+02
3.180000e-06	6.468484e-09	3.264023e-09	3.485306e+01	9.386457e+02
3.190000e-06	6.493502e-09	3.268238e-09	3.498799e+01	9.398369e+02
3.200000e-06	6.517980e-09	3.272189e-09	3.511992e+01	9.409311e+02
3.210000e-06	6.542072e-09	3.275828e-09	3.524974e+01	9.419601e+02
3.220000e-06	6.565791e-09	3.279605e-09	3.537758e+01	9.430523e+02
3.230000e-06	6.589082e-09	3.283274e-09	3.550312e+01	9.441251e+02
3.240000e-06	6.611913e-09	3.286770e-09	3.562625e+01	9.451373e+02
3.250000e-06	6.634307e-09	3.290461e-09	3.574701e+01	9.461736e+02
3.260000e-06	6.656286e-09	3.294458e-09	3.586547e+01	9.472728e+02
3.270000e-06	6.677827e-09	3.298026e-09	3.598159e+01	9.482641e+02
3.280000e-06	6.698882e-09	3.300831e-09	3.609512e+01	9.490780e+02
3.290000e-06	6.719488e-09	3.303496e-09	3.620620e+01	9.498582e+02
3.300000e-06	6.739742e-09	3.306438e-09	3.631534e+01	9.506892e+02
3.310000e-06	6.759698e-09	3.309585e-09	3.642285e+01	9.515670e+02
3.320000e-06	6.779300e-09	3.312757e-09	3.652852e+01	9.524639e+02
3.330000e-06	6.798409e-09	3.315768e-09	3.663162e+01	9.533221e+02
3.340000e-06	6.816940e-09	3.318569e-09	3.673165e+01	9.540997e+02
3.350000e-06	6.834901e-09	3.321238e-09	3.682853e+01	9.548323e+02
3.360000e-06	6.852398e-09	3.323757e-09	3.692282e+01	9.555534e+02
3.370000e-06	6.869520e-09	3.326115e-09	3.701512e+01	9.562426e+02
3.380000e-06	6.886237e-09	3.328403e-09	3.710522e+01	9.569038e+02
3.390000e-06	6.902443e-09	3.330535e-09	3.719262e+01	9.575082e+02
3.400000e-06	6.918033e-09	3.332575e-09	3.727683e+01	9.580603e+02
3.410000e-06	6.933001e-09	3.334832e-09	3.735766e+01	9.586635e+02
3.420000e-06	6.947419e-09	3.336608e-09	3.743543e+01	9.591771e+02
3.430000e-06	6.961323e-09	3.337900e-09	3.751040e+01	9.595919e+02
3.440000e-06	6.974707e-09	3.339152e-09	3.758261e+01	9.599796e+02
3.450000e-06	6.987572e-09	3.340659e-09	3.765203e+01	9.603915e+02
3.460000e-06	6.999959e-09	3.342573e-09	3.771885e+01	9.609015e+02
3.470000e-06	7.011884e-09	3.344512e-09	3.778323e+01	9.614371e+02
3.480000e-06	7.023255e-09	3.346084e-09	3.784467e+01	9.618802e+02
3.490000e-06	7.033955e-09	3.347157e-09	3.790250e+01	9.621809e+02
3.500000e-06	7.043884e-09	3.348607e-09	3.795619e+01	9.625622e+02
3.510000e-06	7.053066e-09	3.350309e-09	3.800583e+01	9.630249e+02
3.520000e-06	7.061655e-09	3.351223e-09	3.805221e+01	9.633243e+02
3.530000e-06	7.069832e-09	3.351568e-09	3.809627e+01	9.634843e+02
3.540000e-06	7.077680e-09	3.352103e-09	3.813851e+01	9.636489e+02
3.550000e-06	7.085118e-09	3.352720e-09	3.817866e+01	9.638069e+02
3.560000e-06	7.092053e-09	3.353033e-09	3.821615e+01	9.638983e+02
3.570000e-06	7.098477e-09	3.353521e-09	3.825081e+01	9.640518e+02
3.580000e-06	7.104399e-09	3.354806e-09	3.828278e+01	9.644165e+02
3.590000e-06	7.109815e-09	3.356599e-09	3.831205e+01	9.648990e+02
3.600000e-06	7.114730e-09	3.358167e-09	3.833857e+01	9.653078e+02
3.610000e-06	7.119199e-09	3.358836e-09	3.836267e+01	9.654890e+02
3.620000e-06	7.123340e-09	3.358166e-09	3.838495e+01	9.653480e+02
3.630000e-06	7.127152e-09	3.356800e-09	3.840549e+01	9.650276e+02
3.640000e-06	7.130495e-09	3.356097e-09	3.842360e+01	9.648598e+02
3.650000e-06	7.133199e-09	3.356515e-09	3.843828e+01	9.649680e+02
3.660000e-06	7.135135e-09	3.357614e-09	3.844889e+01	9.652471e+02
3.670000e-06	7.136324e-09	3.358988e-09	3.845549e+01	9.656058e+02
3.680000e-06	7.136938e-09	3.359889e-09	3.845888e+01	9.658468e+02
3.690000e-06	7.137143e-09	3.359926e-09	3.846000e+01	9.658615e+02
3.700000e-06	7.137001e-09	3.359399e-09	3.845922e+01	9.657310e+02
3.710000e-06	7.136424e-09	3.357847e-09	3.845621e+01	9.653484e+02
3.720000e-06	7.135335e-09	3.355670e-09	3.845048e+01	9.648042e+02
3.730000e-06	7.133780e-09	3.354484e-09	3.844215e+01	9.645053e+02
3.740000e-06	7.131809e-09	3.354877e-09	3.843154e+01	9.646026e+02
3.750000e-06	7.129401e-09	3.356545e-09	3.841855e+01	9.650086e+02
3.760000e-06	7.126510e-09	3.359683e-09	3.840302e+01	9.657441e+02
3.770000e-06	7.123156e-09	3.362099e-09	3.838502e+01	9.663405e+02
3.780000e-06	7.119339e-09	3.353753e-09	3.836449e+01	9.644201e+02
3.790000e-06	7.114846e-09	3.340748e-09	3.834034e+01	9.612442e+02
3.800000e-06	7.109444e-09	3.353287e-09	3.831128e+01	9.642191e+02
3.810000e-06	7.103344e-09	3.371843e-09	3.827850e+01	9.687191e+02
3.820000e-06	7.096976e-09	3.354861e-09	3.824431e+01	9.642197e+02
3.830000e-06	7.090359e-09	3.332120e-09	3.820873e+01	9.585401e+02
3.840000e-06	7.083200e-09	3.346694e-09	3.817020e+01	9.625263e+02
3.850000e-06	7.075474e-09	3.369704e-09	3.812859e+01	9.682322e+02
3.860000e-06	7.067415e-09	3.352492e-09	3.808516e+01	9.634658e+02
3.870000e-06	7.059020e-09	3.327354e-09	3.803991e+01	9.571072e+02
3.880000e-06	7.050061e-09	3.344804e-09	3.799162e+01	9.619669e+02
3.890000e-06	7.040493e-09	3.367403e-09	3.794005e+01	9.676414e+02
3.900000e-06	7.030508e-09	3.346466e-09	3.788623e+01	9.617712e+02
3.910000e-06	7.020169e-09	3.325151e-09	3.783052e+01	9.562711e+02
3.920000e-06	7.009289e-09	3.350424e-09	3.777192e+01	9.633230e+02
3.930000e-06	6.997795e-09	3.367299e-09	3.771002e+01	9.678938e+02
3.940000e-06	6.985767e-09	3.336384e-09	3.764531e+01	9.594887e+02
3.950000e-06	6.973124e-09	3.321106e-09	3.757731e+01	9.551679e+02
3.960000e-06	6.959657e-09	3.349858e-09	3.750486e+01	9.627253e+02
3.970000e-06	6.945385e-09	3.357196e-09	3.742809e+01	9.649620e+02
3.980000e-06	6.930517e-09	3.332861e-09	3.734806e+01	9.587692e+02
3.990000e-06	6.915143e-09	3.339589e-09	3.726523e+01	9.603738e+02
4.000000e-06	6.899324e-09	3.359640e-09	3.717997e+01	9.654213e+02
4.010000e-06	6.883140e-09	3.337481e-09	3.709275e+01	9.593656e+02
4.020000e-06	6.866539e-09	3.319722e-09	3.700330e+01	9.545170e+02
4.030000e-06	6.849432e-09	3.348169e-09	3.691113e+01	9.622279e+02
4.040000e-06	6.831818e-09	3.359136e-09	3.681620e+01	9.656038e+02
4.050000e-06	6.813769e-09	3.333617e-09	3.671893e+01	9.589832e+02
4.060000e-06	6.795272e-09	3.337130e-09	3.661929e+01	9.595584e+02
4.070000e-06	6.776280e-09	3.355593e-09	3.651699e+01	9.642439e+02
4.080000e-06	6.756853e-09	3.332895e-09	3.641232e+01	9.581358e+02
4.090000e-06	6.737083e-09	3.316985e-09	3.630578e+01	9.536792e+02
4.100000e-06	6.716975e-09	3.344069e-09	3.619744e+01	9.609118e+02
4.110000e-06	6.696457e-09	3.350118e-09	3.608696e+01	9.629300e+02
4.120000e-06	6.675374e-09	3.329008e-09	3.597349e+01	9.574272e+02
4.130000e-06	6.653526e-09	3.340337e-09	3.585598e+01	9.602732e+02
4.140000e-06	6.630934e-09	3.352737e-09	3.573445e+01	9.637933e+02
4.150000e-06	6.607754e-09	3.331282e-09	3.560960e+01	9.582184e+02
4.160000e-06	6.584107e-09	3.329068e-09	3.548218e+01	9.572789e+02
4.170000e-06	6.560120e-09	3.343810e-09	3.535292e+01	9.611736e+02
4.180000e-06	6.535805e-09	3.331422e-09	3.522192e+01	9.579997e+02
4.190000e-06	6.511058e-09	3.323558e-09	3.508861e+01	9.556388e+02
4.200000e-06	6.485830e-09	3.332932e-09	3.495275e+01	9.580958e+02
4.210000e-06	6.460164e-09	3.324571e-09	3.481454e+01	9.560321e+02
4.220000e-06	6.434053e-09	3.315358e-09	3.467391e+01	9.533601e+02
4.230000e-06	6.407428e-09	3.320107e-09	3.453050e+01	9.545517e+02
4.240000e-06	6.380314e-09	3.312332e-09	3.438445e+01	9.526717e+02
4.250000e-06	6.352800e-09	3.304874e-09	3.423619e+01	9.504135e+02
4.260000e-06	6.324980e-09	3.311352e-09	3.408624e+01	9.518876e+02
4.270000e-06	6.296889e-09	3.304587e-09	3.393486e+01	9.503082e+02
4.280000e-06	6.268451e-09	3.293909e-09	3.378167e+01	9.474021e+02
4.290000e-06	6.239491e-09	3.298754e-09	3.362573e+01	9.484308e+02
4.300000e-06	6.209837e-09	3.294000e-09	3.346613e+01	9.472888e+02
4.310000e-06	6.179463e-09	3.281896e-09	3.330270e+01	9.440251e+02
4.320000e-06	6.148448e-09	3.285044e-09	3.313575e+01	9.445594e+02
4.330000e-06	6.116951e-09	3.282536e-09	3.296612e+01	9.439176e+02
4.340000e-06	6.085123e-09	3.270165e-09	3.279464e+01	9.406514e+02
4.350000e-06	6.052978e-09	3.271558e-09	3.262143e+01	9.407588e+02
4.360000e-06	6.020460e-09	3.272329e-09	3.244620e+01	9.409084e+02
4.370000e-06	5.987495e-09	3.260813e-09	3.226856e+01	9.379054e+02
4.380000e-06	5.954080e-09	3.257348e-09	3.208850e+01	9.368282e+02
4.390000e-06	5.920268e-09	3.257191e-09	3.190630e+01	9.366622e+02
4.400000e-06	5.886073e-09	3.248145e-09	3.172208e+01	9.342078e+02
4.410000e-06	5.851481e-09	3.242984e-09	3.153572e+01	9.326923e+02
4.420000e-06	5.816464e-09	3.241534e-09	3.134706e+01	9.322114e+02
4.430000e-06	5.781075e-09	3.233636e-09	3.115638e+01	9.300800e+02
4.440000e-06	5.745403e-09	3.227451e-09	3.096417e+01	9.283278e+02
4.450000e-06	5.709495e-09	3.225465e-09	3.077067e+01	9.276799e+02
4.460000e-06	5.673305e-09	3.219970e-09	3.057564e+01	9.261132e+02
4.470000e-06	5.636710e-09	3.212946e-09	3.037848e+01	9.241473e+02
4.480000e-06	5.599558e-09	3.207526e-09	3.017840e+01	9.226346e+02
4.490000e-06	5.561749e-09	3.201800e-09	2.997476e+01	9.209943e+02
4.500000e-06	5.523282e-09	3.196419e-09	2.976757e+01	9.194061e+02
4.510000e-06	5.484257e-09	3.190814e-09	2.955741e+01	9.178158e+02
4.520000e-06	5.444813e-09	3.183738e-09	2.934491e+01	9.158490e+02
4.530000e-06	5.405061e-09	3.177287e-09	2.913068e+01	9.140110e+02
4.540000e-06	5.365056e-09	3.171523e-09	2.891508e+01	9.123537e+02
4.550000e-06	5.324765e-09	3.165165e-09	2.869798e+01	9.105344e+02
4.560000e-06	5.284131e-09	3.159227e-09	2.847911e+01	9.088079e+02
4.570000e-06	5.243099e-09	3.153175e-09	2.825809e+01	9.070752e+02
4.580000e-06	5.201690e-09	3.145708e-09	2.803500e+01	9.049741e+02
4.590000e-06	5.159947e-09	3.138302e-09	2.781011e+01	9.028519e+02
4.600000e-06	5.117884e-09	3.131575e-09	2.758350e+01	9.008888e+02
4.610000e-06	5.075489e-09	3.123972e-09	2.735514e+01	8.987255e+02
4.620000e-06	5.032691e-09	3.115528e-09	2.712461e+01	8.963627e+02
4.630000e-06	4.989503e-09	3.108146e-09	2.689196e+01	8.942588e+02
4.640000e-06	4.946011e-09	3.101585e-09	2.665765e+01	8.923514e+02
4.650000e-06	4.902281e-09	3.094488e-09	2.642199e+01	8.902927e+02
4.660000e-06	4.858340e-09	3.086813e-09	2.618516e+01	8.880762e+02
4.670000e-06	4.814156e-09	3.078200e-09	2.594701e+01	8.856139e+02
4.680000e-06	4.769670e-09	3.068582e-09	2.570728e+01	8.828718e+02
4.690000e-06	4.724827e-09	3.059549e-09	2.546561e+01	8.802653e+02
4.700000e-06	4.679623e-09	3.051032e-09	2.522195e+01	8.778105e+02
4.710000e-06	4.634054e-09	3.041702e-09	2.497636e+01	8.751719e+02
4.720000e-06	4.588123e-09	3.031605e-09	2.472884e+01	8.723325e+02
4.730000e-06	4.541871e-09	3.021390e-09	2.447962e+01	8.694320e+02
4.740000e-06	4.495343e-09	3.011276e-09	2.422894e+01	8.665359e+02
4.750000e-06	4.448548e-09	3.001445e-09	2.397678e+01	8.636984e+02
4.760000e-06	4.401487e-09	2.991428e-09	2.372327e+01	8.607950e+02
4.770000e-06	4.354150e-09	2.980828e-09	2.346823e+01	8.577311e+02
4.780000e-06	4.306442e-09	2.970034e-09	2.321121e+01	8.546173e+02
4.790000e-06	4.258325e-09	2.959152e-09	2.295205e+01	8.514903e+02
4.800000e-06	4.209795e-09	2.947734e-09	2.269067e+01	8.482256e+02
4.810000e-06	4.160862e-09	2.935404e-09	2.242710e+01	8.447252e+02
4.820000e-06	4.111585e-09	2.922871e-09	2.216163e+01	8.411725e+02
4.830000e-06	4.062011e-09	2.911058e-09	2.189453e+01	8.377845e+02
4.840000e-06	4.012149e-09	2.899591e-09	2.162588e+01	8.344622e+02
4.850000e-06	3.962000e-09	2.887438e-09	2.135566e+01	8.309548e+02
4.860000e-06	3.911551e-09	2.874206e-09	2.108380e+01	8.271662e+02
4.870000e-06	3.860799e-09	2.860327e-09	2.081030e+01	8.232014e+02
4.880000e-06	3.809743e-09	2.846386e-09	2.053516e+01	8.192109e+02
4.890000e-06	3.758389e-09	2.832508e-09	2.025842e+01	8.152322e+02
4.900000e-06	3.706763e-09	2.818208e-09	1.998021e+01	8.111435e+02
4.910000e-06	3.654887e-09	2.803096e-09	1.970069e+01	8.068306e+02
4.920000e-06	3.602778e-09	2.788003e-09	1.941988e+01	8.024995e+02
4.930000e-06	3.550410e-09	2.773420e-09	1.913767e+01	7.982883e+02
4.940000e-06	3.497753e-09	2.758306e-09	1.885395e+01	7.939314e+02
4.950000e-06	3.444769e-09	2.741913e-09	1.856847e+01	7.892276e+02
4.960000e-06	3.391406e-09	2.724611e-09	1.828099e+01	7.842723e+02
4.970000e-06	3.337627e-09	2.707396e-09	1.799133e+01	7.793385e+02
4.980000e-06	3.283444e-09	2.690821e-09	1.769950e+01	7.745744e+02
4.990000e-06	3.228900e-09	2.673785e-09	1.740571e+01	7.696899e+02
5.000000e-06	3.174048e-09	2.655237e-09	1.711020e+01	7.643992e+02
5.010000e-06	3.118910e-09	2.635923e-09	1.681317e+01	7.588705e+02
5.020000e-06	3.063526e-09	2.616802e-09	1.651476e+01	7.533543e+02
5.030000e-06	3.007940e-09	2.597797e-09	1.621519e+01	7.478639e+02
5.040000e-06	2.952187e-09	2.578691e-09	1.591473e+01	7.423532e+02
5.050000e-06	2.896294e-09	2.558711e-09	1.561348e+01	7.366073e+02
5.060000e-06	2.840258e-09	2.537526e-09	1.531144e+01	7.305487e+02
5.070000e-06	2.784077e-09	2.516230e-09	1.500865e+01	7.244541e+02
5.080000e-06	2.727747e-09	2.495077e-09	1.470505e+01	7.183725e+02
5.090000e-06	2.671271e-09	2.473045e-09	1.440065e+01	7.120490e+02
5.100000e-06	2.614629e-09	2.449807e-09	1.409539e+01	7.053864e+02
5.110000e-06	2.557806e-09	2.426140e-09	1.378917e+01	6.985718e+02
5.120000e-06	2.500807e-09	2.402774e-09	1.348203e+01	6.918074e+02
5.130000e-06	2.443620e-09	2.379083e-09	1.317391e+01	6.849578e+02
5.140000e-06	2.386257e-09	2.353849e-09	1.286480e+01	6.777029e+02
5.150000e-06	2.328730e-09	2.326827e-09	1.255479e+01	6.699620e+02
5.160000e-06	2.271046e-09	2.298891e-09	1.224394e+01	6.619621e+02
5.170000e-06	2.213211e-09	2.271337e-09	1.193221e+01	6.540382e+02
5.180000e-06	2.155200e-09	2.243799e-09	1.161957e+01	6.460824e+02
5.190000e-06	2.097001e-09	2.214931e-09	1.130595e+01	6.377370e+02
5.200000e-06	2.038644e-09	2.184502e-09	1.099148e+01	6.289533e+02
5.210000e-06	1.980140e-09	2.152982e-09	1.067625e+01	6.198583e+02
5.220000e-06	1.921497e-09	2.120845e-09	1.036023e+01	6.106020e+02
5.230000e-06	1.862739e-09	2.088265e-09	1.004356e+01	6.012372e+02
5.240000e-06	1.803851e-09	2.054286e-09	9.726206e+00	5.914794e+02
5.250000e-06	1.744831e-09	2.018517e-09	9.408155e+00	5.812145e+02
5.260000e-06	1.685689e-09	1.982327e-09	9.089451e+00	5.708069e+02
5.270000e-06	1.626419e-09	1.946621e-09	8.770086e+00	5.604912e+02
5.280000e-06	1.567044e-09	1.910540e-09	8.450157e+00	5.500620e+02
5.290000e-06	1.507571e-09	1.872857e-09	8.129688e+00	5.392149e+02
5.300000e-06	1.448011e-09	1.833668e-09	7.808772e+00	5.279512e+02
5.310000e-06	1.388396e-09	1.793786e-09	7.487543e+00	5.164839e+02
5.320000e-06	1.328713e-09	1.753914e-09	7.165900e+00	5.050128e+02
5.330000e-06	1.268952e-09	1.713640e-09	6.843839e+00	4.934256e+02
5.340000e-06	1.209136e-09	1.671845e-09	6.521485e+00	4.814079e+02
5.350000e-06	1.149287e-09	1.628741e-09	6.198930e+00	4.689926e+02
5.360000e-06	1.089396e-09	1.585481e-09	5.876160e+00	4.565133e+02
5.370000e-06	1.029463e-09	1.542579e-09	5.553158e+00	4.441319e+02
5.380000e-06	9.694967e-10	1.498964e-09	5.229968e+00	4.315598e+02
5.390000e-06	9.094935e-10	1.453631e-09	4.906605e+00	4.185319e+02
5.400000e-06	8.494597e-10	1.407176e-09	4.583055e+00	4.051891e+02
5.410000e-06	7.893959e-10	1.360765e-09	4.259315e+00	3.918355e+02
5.420000e-06	7.293003e-10	1.314929e-09	3.935424e+00	3.786191e+02
5.430000e-06	6.691640e-10	1.269081e-09	3.611290e+00	3.653798e+02
5.440000e-06	6.089800e-10	1.222069e-09	3.286860e+00	3.518291e+02
5.450000e-06	5.487505e-10	1.173727e-09	2.962202e+00	3.379292e+02
5.460000e-06	4.884907e-10	1.125146e-09	2.637411e+00	3.239612e+02
5.470000e-06	4.282120e-10	1.076920e-09	2.312522e+00	3.100917e+02
5.480000e-06	3.679098e-10	1.028469e-09	1.987490e+00	2.961649e+02
5.490000e-06	3.075774e-10	9.793510e-10	1.662336e+00	2.820403e+02
5.500000e-06	2.472267e-10	9.299225e-10	1.337099e+00	2.678122e+02
5.510000e-06	1.868593e-10	8.808118e-10	1.011725e+00	2.536691e+02
5.520000e-06	1.264929e-10	8.320857e-10	6.863544e-01	2.396334e+02
5.530000e-06	6.614971e-11	7.831350e-10	3.611480e-01	2.255439e+02
5.540000e-06	5.798654e-12	7.332929e-10	3.591020e-02	2.112240e+02
5.550000e-06	-5.455735e-11	6.830474e-10	-2.893760e-01	1.967834e+02
5.560000e-06	-1.149016e-10	6.335708e-10	-6.146078e-01	1.825296e+02
5.570000e-06	-1.752429e-10	5.844934e-10	-9.398289e-01	1.683878e+02
5.580000e-06	-2.355914e-10	5.345855e-10	-1.265075e+00	1.540371e+02
5.590000e-06	-2.959353e-10	4.835777e-10	-1.590274e+00	1.393843e+02
5.600000e-06	-3.562468e-10	4.321924e-10	-1.915319e+00	1.246120e+02
5.610000e-06	-4.165226e-10	3.812853e-10	-2.240204e+00	1.099510e+02
5.620000e-06	-4.767603e-10	3.305295e-10	-2.564885e+00	9.532378e+01
5.630000e-06	-5.369607e-10	2.789832e-10	-2.889374e+00	8.048950e+01
5.640000e-06	-5.971332e-10	2.265857e-10	-3.213694e+00	6.541737e+01
5.650000e-06	-6.572733e-10	1.735930e-10	-3.537835e+00	5.014398e+01
5.660000e-06	-7.173751e-10	1.202080e-10	-3.861764e+00	3.473263e+01
5.670000e-06	-7.774248e-10	6.610000e-11	-4.185407e+00	1.912594e+01
5.680000e-06	-8.374263e-10	1.008853e-11	-4.508793e+00	3.004099e+00
5.690000e-06	-8.973956e-10	-4.824945e-11	-4.831980e+00	-1.376217e+01
5.700000e-06	-9.573351e-10	-1.076754e-10	-5.155003e+00	-3.087534e+01
5.710000e-06	-1.017242e-09	-1.672436e-10	-5.477853e+00	-4.809446e+01
5.720000e-06	-1.077114e-09	-2.275333e-10	-5.800516e+00	-6.552935e+01
5.730000e-06	-1.136948e-09	-2.898295e-10	-6.122973e+00	-8.349396e+01
5.740000e-06	-1.196736e-09	-3.544032e-10	-6.445191e+00	-1.020816e+02
5.750000e-06	-1.256467e-09	-4.199783e-10	-6.767137e+00	-1.209648e+02
5.760000e-06	-1.316137e-09	-4.855726e-10	-7.088734e+00	-1.398775e+02
5.770000e-06	-1.375741e-09	-5.519784e-10	-7.409927e+00	-1.590224e+02
5.780000e-06	-1.435266e-09	-6.198375e-10	-7.730684e+00	-1.785568e+02
5.790000e-06	-1.494702e-09	-6.882957e-10	-8.050984e+00	-1.982640e+02
5.800000e-06	-1.554039e-09	-7.565233e-10	-8.370752e+00	-2.179315e+02
5.810000e-06	-1.613286e-09	-8.238280e-10	-8.690016e+00	-2.373552e+02
5.820000e-06	-1.672433e-09	-8.903985e-10	-9.008748e+00	-2.565637e+02
5.830000e-06	-1.731452e-09	-9.570432e-10	-9.326832e+00	-2.757722e+02
5.840000e-06	-1.790336e-09	-1.023659e-09	-9.644236e+00	-2.949539e+02
5.850000e-06	-1.849092e-09	-1.089908e-09	-9.960909e+00	-3.140153e+02
5.860000e-06	-1.907713e-09	-1.154977e-09	-1.027683e+01	-3.327451e+02
5.870000e-06	-1.966193e-09	-1.218209e-09	-1.059201e+01	-3.509647e+02
5.880000e-06	-2.024545e-09	-1.280465e-09	-1.090647e+01	-3.688777e+02
5.890000e-06	-2.082765e-09	-1.341512e-09	-1.122019e+01	-3.864263e+02
5.900000e-06	-2.140825e-09	-1.399644e-09	-1.153302e+01	-4.031806e+02
5.910000e-06	-2.198694e-09	-1.455191e-09	-1.184486e+01	-4.192066e+02
5.920000e-06	-2.256383e-09	-1.509563e-09	-1.215575e+01	-4.348710e+02
5.930000e-06	-2.313899e-09	-1.562948e-09	-1.246567e+01	-4.502469e+02
5.940000e-06	-2.371238e-09	-1.615252e-09	-1.277460e+01	-4.653016e+02
5.950000e-06	-2.428392e-09	-1.666360e-09	-1.308253e+01	-4.799895e+02
5.960000e-06	-2.485359e-09	-1.715996e-09	-1.338952e+01	-4.942540e+02
5.970000e-06	-2.542134e-09	-1.763711e-09	-1.369548e+01	-5.079861e+02
5.980000e-06	-2.598724e-09	-1.809334e-09	-1.400043e+01	-5.211338e+02
5.990000e-06	-2.655148e-09	-1.853286e-09	-1.430455e+01	-5.338109e+02
6.000000e-06	-2.711430e-09	-1.895772e-09	-1.460793e+01	-5.460691e+02
6.010000e-06	-2.767573e-09	-1.936647e-09	-1.491054e+01	-5.578593e+02
6.020000e-06	-2.823572e-09	-1.975950e-09	-1.521236e+01	-5.691929e+02
6.030000e-06	-2.879449e-09	-2.014363e-09	-1.551352e+01	-5.802649e+02
6.040000e-06	-2.935197e-09	-2.052552e-09	-1.581395e+01	-5.912518e+02
6.050000e-06	-2.990800e-09	-2.090402e-09	-1.611355e+01	-6.021070e+02
6.060000e-06	-3.046224e-09	-2.127091e-09	-1.641221e+01	-6.126346e+02
6.070000e-06	-3.101426e-09	-2.162050e-09	-1.670967e+01	-6.226962e+02
6.080000e-06	-3.156342e-09	-2.195252e-09	-1.700557e+01	-6.322804e+02
6.090000e-06	-3.210908e-09	-2.227261e-09	-1.729966e+01	-6.415345e+02
6.100000e-06	-3.265103e-09	-2.258534e-09	-1.759173e+01	-6.505693e+02
6.110000e-06	-3.318917e-09	-2.289130e-09	-1.788170e+01	-6.593791e+02
6.120000e-06	-3.372365e-09	-2.319346e-09	-1.816972e+01	-6.680522e+02
6.130000e-06	-3.425459e-09	-2.348806e-09	-1.845577e+01	-6.765196e+02
6.140000e-06	-3.478201e-09	-2.377174e-09	-1.874000e+01	-6.846805e+02
6.150000e-06	-3.530627e-09	-2.404698e-09	-1.902259e+01	-6.925873e+02
6.160000e-06	-3.582773e-09	-2.431332e-09	-1.930366e+01	-7.002281e+02
6.170000e-06	-3.634681e-09	-2.456445e-09	-1.958344e+01	-7.074460e+02
6.180000e-06	-3.686361e-09	-2.479837e-09	-1.986195e+01	-7.142082e+02
6.190000e-06	-3.737775e-09	-2.503001e-09	-2.013902e+01	-7.208852e+02
6.200000e-06	-3.788902e-09	-2.526574e-09	-2.041454e+01	-7.276274e+02
6.210000e-06	-3.839745e-09	-2.549808e-09	-2.068855e+01	-7.342740e+02
6.220000e-06	-3.890306e-09	-2.572232e-09	-2.096106e+01	-7.407122e+02
6.230000e-06	-3.940576e-09	-2.594000e-09	-2.123202e+01	-7.469709e+02
6.240000e-06	-3.990548e-09	-2.615313e-09	-2.150137e+01	-7.531033e+02
6.250000e-06	-4.040222e-09	-2.635736e-09	-2.176903e+01	-7.589855e+02
6.260000e-06	-4.089536e-09	-2.655520e-09	-2.203472e+01	-7.646595e+02
6.270000e-06	-4.138432e-09	-2.674953e-09	-2.229815e+01	-7.702139e+02
6.280000e-06	-4.186902e-09	-2.693577e-09	-2.255928e+01	-7.755722e+02
6.290000e-06	-4.234936e-09	-2.711772e-09	-2.281813e+01	-7.808165e+02
6.300000e-06	-4.282518e-09	-2.730054e-09	-2.307453e+01	-7.860536e+02
6.310000e-06	-4.329706e-09	-2.747885e-09	-2.332877e+01	-7.911657e+02
6.320000e-06	-4.376587e-09	-2.764871e-09	-2.358143e+01	-7.960501e+02
6.330000e-06	-4.423179e-09	-2.781303e-09	-2.383256e+01	-8.007640e+02
6.340000e-06	-4.469539e-09	-2.797600e-09	-2.408241e+01	-8.054143e+02
6.350000e-06	-4.515694e-09	-2.813474e-09	-2.433119e+01	-8.099446e+02
6.360000e-06	-4.561609e-09	-2.828359e-09	-2.457867e+01	-8.142092e+02
6.370000e-06	-4.607248e-09	-2.842548e-09	-2.482462e+01	-8.182829e+02
6.380000e-06	-4.652557e-09	-2.856348e-09	-2.506883e+01	-8.222547e+02
6.390000e-06	-4.697495e-09	-2.869661e-09	-2.531106e+01	-8.260952e+02
6.400000e-06	-4.742081e-09	-2.883070e-09	-2.555140e+01	-8.299333e+02
6.410000e-06	-4.786365e-09	-2.896808e-09	-2.579013e+01	-8.338225e+02
6.420000e-06	-4.830408e-09	-2.909989e-09	-2.602758e+01	-8.375607e+02
6.430000e-06	-4.874261e-09	-2.922160e-09	-2.626400e+01	-8.410491e+02
6.440000e-06	-4.917918e-09	-2.933886e-09	-2.649930e+01	-8.444143e+02
6.450000e-06	-4.961311e-09	-2.945182e-09	-2.673323e+01	-8.476522e+02
6.460000e-06	-5.004376e-09	-2.955767e-09	-2.696537e+01	-8.507106e+02
6.470000e-06	-5.047080e-09	-2.965900e-09	-2.719551e+01	-8.536519e+02
6.480000e-06	-5.089422e-09	-2.975996e-09	-2.742368e+01	-8.565744e+02
6.490000e-06	-5.131443e-09	-2.986410e-09	-2.765010e+01	-8.595579e+02
6.500000e-06	-5.173124e-09	-2.997268e-09	-2.787476e+01	-8.626400e+02
6.510000e-06	-5.214408e-09	-3.008287e-09	-2.809730e+01	-8.657567e+02
6.520000e-06	-5.255305e-09	-3.018581e-09	-2.831775e+01	-8.686681e+02
6.530000e-06	-5.295852e-09	-3.027598e-09	-2.853634e+01	-8.712546e+02
6.540000e-06	-5.336072e-09	-3.035843e-09	-2.875320e+01	-8.736580e+02
6.550000e-06	-5.376025e-09	-3.043972e-09	-2.896856e+01	-8.760234e+02
6.560000e-06	-5.415749e-09	-3.052310e-09	-2.918268e+01	-8.784289e+02
6.570000e-06	-5.455189e-09	-3.060995e-09	-2.939528e+01	-8.809237e+02
6.580000e-06	-5.494235e-09	-3.069675e-09	-2.960572e+01	-8.834125e+02
6.590000e-06	-5.532758e-09	-3.078399e-09	-2.981330e+01	-8.858888e+02
6.600000e-06	-5.570649e-09	-3.087354e-09	-3.001750e+01	-8.884118e+02
6.610000e-06	-5.607893e-09	-3.095869e-09	-3.021822e+01	-8.908214e+02
6.620000e-06	-5.644574e-09	-3.103412e-09	-3.041591e+01	-8.929800e+02
6.630000e-06	-5.680834e-09	-3.110387e-09	-3.061141e+01	-8.950024e+02
6.640000e-06	-5.716806e-09	-3.117455e-09	-3.080535e+01	-8.970623e+02
6.650000e-06	-5.752516e-09	-3.125172e-09	-3.099786e+01	-8.992744e+02
6.660000e-06	-5.787930e-09	-3.133214e-09	-3.118876e+01	-9.015358e+02
6.670000e-06	-5.822955e-09	-3.140612e-09	-3.137756e+01	-9.036242e+02
6.680000e-06	-5.857550e-09	-3.147053e-09	-3.156403e+01	-9.054797e+02
6.690000e-06	-5.891723e-09	-3.153370e-09	-3.174822e+01	-9.072937e+02
6.700000e-06	-5.925470e-09	-3.160263e-09	-3.193013e+01	-9.092370e+02
6.710000e-06	-5.958795e-09	-3.167097e-09	-3.210979e+01	-9.111768e+02
6.720000e-06	-5.991679e-09	-3.173343e-09	-3.228707e+01	-9.129775e+02
6.730000e-06	-6.024147e-09	-3.179235e-09	-3.246214e+01	-9.146653e+02
6.740000e-06	-6.056268e-09	-3.185088e-09	-3.263532e+01	-9.163295e+02
6.750000e-06	-6.088091e-09	-3.191176e-09	-3.280686e+01	-9.180666e+02
6.760000e-06	-6.119574e-09	-3.197549e-09	-3.297654e+01	-9.198734e+02
6.770000e-06	-6.150581e-09	-3.203544e-09	-3.314359e+01	-9.215752e+02
6.780000e-06	-6.180980e-09	-3.208753e-09	-3.330730e+01	-9.230776e+02
6.790000e-06	-6.210694e-09	-3.214004e-09	-3.346734e+01	-9.245856e+02
6.800000e-06	-6.239741e-09	-3.219931e-09	-3.362383e+01	-9.262507e+02
6.810000e-06	-6.268253e-09	-3.225726e-09	-3.377744e+01	-9.278786e+02
6.820000e-06	-6.296379e-09	-3.230663e-09	-3.392903e+01	-9.292898e+02
6.830000e-06	-6.324226e-09	-3.235012e-09	-3.407912e+01	-9.305445e+02
6.840000e-06	-6.351785e-09	-3.239516e-09	-3.422766e+01	-9.318392e+02
6.850000e-06	-6.378946e-09	-3.244715e-09	-3.437402e+01	-9.333098e+02
6.860000e-06	-6.405628e-09	-3.250230e-09	-3.451774e+01	-9.348602e+02
6.870000e-06	-6.431830e-09	-3.255337e-09	-3.465892e+01	-9.363010e+02
6.880000e-06	-6.457568e-09	-3.259664e-09	-3.479765e+01	-9.375338e+02
6.890000e-06	-6.482826e-09	-3.263641e-09	-3.493376e+01	-9.386758e+02
6.900000e-06	-6.507597e-09	-3.268057e-09	-3.506727e+01	-9.399259e+02
6.910000e-06	-6.531948e-09	-3.272636e-09	-3.519854e+01	-9.412120e+02
6.920000e-06	-6.555980e-09	-3.276572e-09	-3.532809e+01	-9.423318e+02
6.930000e-06	-6.579719e-09	-3.280022e-09	-3.545607e+01	-9.433341e+02
6.940000e-06	-6.603079e-09	-3.283783e-09	-3.558198e+01	-9.444108e+02
6.950000e-06	-6.625921e-09	-3.287984e-09	-3.570502e+01	-9.455873e+02
6.960000e-06	-6.648083e-09	-3.292059e-09	-3.582437e+01	-9.467279e+02
6.970000e-06	-6.669484e-09	-3.295398e-09	-3.593960e+01	-9.476796e+02
6.980000e-06	-6.690223e-09	-3.298356e-09	-3.605133e+01	-9.485249e+02
6.990000e-06	-6.710486e-09	-3.301843e-09	-3.616060e+01	-9.495059e+02
7.000000e-06	-6.730422e-09	-3.305524e-09	-3.626809e+01	-9.505515e+02
7.010000e-06	-6.750045e-09	-3.308769e-09	-3.637385e+01	-9.514802e+02
7.020000e-06	-6.769258e-09	-3.311931e-09	-3.647738e+01	-9.523718e+02
7.030000e-06	-6.787993e-09	-3.315011e-09	-3.657835e+01	-9.532413e+02
7.040000e-06	-6.806260e-09	-3.317917e-09	-3.667684e+01	-9.540753e+02
7.050000e-06	-6.824082e-09	-3.320985e-09	-3.677294e+01	-9.549450e+02
7.060000e-06	-6.841442e-09	-3.323916e-09	-3.686653e+01	-9.557686e+02
7.070000e-06	-6.858323e-09	-3.326455e-09	-3.695754e+01	-9.564855e+02
7.080000e-06	-6.874764e-09	-3.329012e-09	-3.704617e+01	-9.572014e+02
7.090000e-06	-6.890845e-09	-3.331850e-09	-3.713286e+01	-9.579912e+02
7.100000e-06	-6.906598e-09	-3.334671e-09	-3.721782e+01	-9.587804e+02
7.110000e-06	-6.921895e-09	-3.337007e-09	-3.730028e+01	-9.594490e+02
7.120000e-06	-6.936480e-09	-3.338870e-09	-3.737882e+01	-9.600013e+02
7.130000e-06	-6.950224e-09	-3.340708e-09	-3.745282e+01	-9.605491e+02
7.140000e-06	-6.963220e-09	-3.342707e-09	-3.752283e+01	-9.611224e+02
7.150000e-06	-6.975627e-09	-3.344658e-09	-3.758967e+01	-9.616608e+02
7.160000e-06	-6.987564e-09	-3.346576e-09	-3.765404e+01	-9.621882e+02
7.170000e-06	-6.999033e-09	-3.348608e-09	-3.771592e+01	-9.627513e+02
7.180000e-06	-7.009961e-09	-3.350734e-09	-3.777488e+01	-9.633509e+02
7.190000e-06	-7.020375e-09	-3.352747e-09	-3.783104e+01	-9.639375e+02
7.200000e-06	-7.030337e-09	-3.354336e-09	-3.788473e+01	-9.644082e+02
7.210000e-06	-7.039838e-09	-3.355545e-09	-3.793593e+01	-9.647646e+02
7.220000e-06	-7.048841e-09	-3.356531e-09	-3.798448e+01	-9.650521e+02
7.230000e-06	-7.057356e-09	-3.357646e-09	-3.803039e+01	-9.653638e+02
7.240000e-06	-7.065488e-09	-3.359217e-09	-3.807426e+01	-9.658034e+02
7.250000e-06	-7.073301e-09	-3.360718e-09	-3.811643e+01	-9.662322e+02
7.260000e-06	-7.080724e-09	-3.361772e-09	-3.815645e+01	-9.665326e+02
7.270000e-06	-7.087587e-09	-3.362911e-09	-3.819346e+01	-9.668643e+02
7.280000e-06	-7.093725e-09	-3.364243e-09	-3.822657e+01	-9.672703e+02
7.290000e-06	-7.099078e-09	-3.365452e-09	-3.825542e+01	-9.676318e+02
7.300000e-06	-7.103754e-09	-3.366348e-09	-3.828061e+01	-9.678808e+02
7.310000e-06	-7.107968e-09	-3.366930e-09	-3.830333e+01	-9.680344e+02
7.320000e-06	-7.111854e-09	-3.367329e-09	-3.832432e+01	-9.681435e+02
7.330000e-06	-7.115371e-09	-3.367874e-09	-3.834337e+01	-9.683097e+02
7.340000e-06	-7.118418e-09	-3.368785e-09	-3.835987e+01	-9.685883e+02
7.350000e-06	-7.120950e-09	-3.369449e-09	-3.837357e+01	-9.687943e+02
7.360000e-06	-7.123042e-09	-3.369346e-09	-3.838489e+01	-9.687970e+02
7.370000e-06	-7.124754e-09	-3.369146e-09	-3.839418e+01	-9.687762e+02
7.380000e-06	-7.125899e-09	-3.369684e-09	-3.840041e+01	-9.689296e+02
7.390000e-06	-7.126474e-09	-3.370349e-09	-3.840357e+01	-9.691065e+02
